A	B	C	D	E11	E22	G12	G23	Mass	Load
32.25024	13.4244	14.0256	23.5851	142.52782	9.149598	5.04288	3.398375	0.841148	45.06
42.95268	12.57876	12.16905	34.4199	133.21899	7.415307	4.887216	2.781165	0.918958	48.792
34.24788	13.7574	14.21055	25.1046	130.17211	7.052832	5.27208	2.739253	0.856713	44.601
40.73292	13.1178	17.4015	34.6974	156.88652	8.50257	5.27064	2.829556	0.933629	67.475
34.67592	12.177	14.9505	23.7831	138.81235	8.351748	4.5744	2.653631	0.853577	46.068
36.83232	10.15284	14.53425	33.8781	146.86879	9.263889	4.597488	3.437466	0.897614	49.86
38.75112	12.38844	16.38405	35.7015	122.19907	9.193338	4.55712	2.867748	0.923863	46.731
37.16532	14.3652	16.47	36.0318	146.74369	9.001206	4.956384	3.010162	0.921743	55.998
28.08	11.16756	15.10905	32.5701	134.05299	7.748541	4.463424	3.25128	0.858981	38.719
40.59036	10.2744	16.33785	28.1568	121.23858	8.276337	5.223072	3.522189	0.898325	45.75
35.59572	10.28496	16.60875	26.0163	157.51202	7.405506	5.25912	2.728093	0.869832	52.735
38.56068	14.01108	12.45315	26.9016	158.80611	8.422299	4.79928	3.360183	0.874773	54.26
35.89704	13.37148	17.23635	32.7153	156.51122	7.609869	4.105968	2.987811	0.905001	55.792
32.96376	10.81872	16.1265	36.3753	153.54635	7.65612	4.740192	2.760674	0.898915	49.631
35.38944	14.02692	15.98115	27.2451	159.6415	7.580709	5.065968	3.106045	0.877609	56.058
43.04808	10.31136	16.02075	31.1034	131.17291	9.173898	5.181264	2.855627	0.91925	53.389
30.85488	11.20452	12.9684	27.3111	159.3496	8.115795	4.466304	2.744864	0.840849	43.536
28.95192	13.81548	15.70365	34.9881	151.04296	7.356906	4.453344	3.374164	0.878703	45.386
42.31872	11.9022	13.8669	32.253	150.83446	8.646102	4.146288	2.715073	0.913856	53.937
37.79964	11.88108	11.7726	24.8535	142.02603	7.787421	5.385936	2.858417	0.856858	46.632
42.255	13.77324	13.66215	23.955	132.4253	7.767981	5.228832	2.838887	0.884116	52.874
31.88556	10.14756	12.3144	29.478	148.91348	7.101513	5.30088	2.886348	0.849465	41.277
34.89804	14.26476	12.9156	30.9051	153.12935	8.714223	5.194224	2.720653	0.87692	51.777
32.139	14.56596	11.9775	28.6455	145.6998	8.570691	5.097648	3.317372	0.853182	43.708
35.83368	12.79548	13.7745	30.3369	120.98838	7.420167	4.121808	2.916139	0.879808	41.605
41.31972	14.54484	15.73005	34.2876	143.32012	7.899363	5.388816	3.029723	0.92967	62.755
33.64524	11.29968	15.3468	25.8444	141.90093	9.30528	5.348448	3.094885	0.857193	46.763
38.14848	14.21184	12.47955	27.8001	125.37105	6.948261	4.56432	3.169347	0.876912	44.109
32.66244	9.59256	16.58895	34.9749	143.61202	9.229869	4.588848	2.924509	0.892461	44.51
43.79328	12.10308	13.1403	35.1597	137.26806	7.395786	4.55568	3.2643	0.928921	53.174
31.52088	13.67808	15.2544	34.8426	132.05	7.091793	5.25624	2.690862	0.886902	45.166
43.36488	13.0068	12.3606	30.0462	135.26368	8.731233	4.433136	3.457027	0.90496	51.009
41.66856	11.91276	17.1504	33.6138	123.15956	6.92388	4.359648	3.055794	0.93046	52.524
29.30076	13.54596	16.37085	24.2853	155.59243	8.609571	4.54848	2.828626	0.841425	47.061
33.77232	14.20656	17.9631	28.659	137.22636	8.709363	4.56144	3.498908	0.884849	50.863
38.22768	10.86636	12.17565	26.7429	158.01381	7.283925	4.715664	3.209399	0.865972	50.226
31.33044	13.41384	13.464	30.5616	154.38174	8.434449	4.09728	2.761604	0.861312	44.413
36.13464	13.43496	15.46575	26.2143	145.3245	8.49042	5.328288	2.658281	0.873549	51.397
35.7066	13.19184	12.72405	32.3982	151.54336	9.074187	5.04576	3.549159	0.883532	51.592
37.91052	11.14644	11.7594	34.5915	148.99688	9.076617	5.083248	3.219629	0.89456	49.329
31.25124	11.0988	12.8958	34.3404	141.48393	7.72659	5.357136	2.670371	0.870071	41.092
30.42684	12.16644	12.71085	28.5399	146.6172	8.813934	5.481072	3.402095	0.844322	42.32
33.89904	13.36092	12.5523	24.1134	123.91016	7.836102	4.260192	3.103255	0.843713	39.005
37.46664	9.58728	15.327	36.2565	126.95704	8.354178	5.064528	3.047393	0.912719	45.557
43.19064	12.71616	17.00505	33.495	148.57988	7.955253	5.5056	3.366724	0.936997	65.974
28.55556	12.91176	13.4838	29.2137	137.18466	7.524738	5.413344	2.783025	0.843544	39.711
41.08176	12.21936	17.22315	33.0192	144.48911	6.89229	4.639296	2.857487	0.926354	59.896
40.17816	12.44664	14.18415	23.5587	146.1585	9.018216	4.989552	3.137696	0.873337	51.583
28.34964	12.3198	14.1708	35.979	138.64555	8.028234	4.895856	2.923579	0.871401	40.71
43.34904	13.99524	14.84475	30.5748	124.95405	7.913943	5.03136	2.795115	0.919176	54.758
28.65096	13.8948	15.17505	30.6804	120.94668	7.916373	4.444704	2.843537	0.858497	36.618
36.16632	12.22992	14.6994	25.3689	136.43267	6.89472	4.369728	2.915209	0.864951	45.855
38.41812	13.80492	13.8273	34.9617	140.44004	9.251739	4.32792	2.962701	0.910758	50.609
39.65472	14.51316	17.18355	25.8576	122.65777	7.794711	4.467744	2.904049	0.896584	53.288
28.746	11.95512	17.091	31.7904	157.26182	7.999074	4.878576	2.990601	0.868225	46.34
29.9826	10.72356	13.8009	33.1248	152.87915	9.103347	4.152096	3.275491	0.863137	42.948
36.864	12.85884	13.27905	33.9969	154.54854	7.425027	4.241424	2.689932	0.896584	51.837
37.0386	9.46044	13.08735	35.1069	153.04595	8.339598	4.202544	3.273631	0.896562	47.105
29.4912	10.4646	15.45915	30.1917	137.64336	8.684982	5.332608	3.509138	0.855944	40.778
32.36112	13.13892	16.7409	24.4041	156.80312	7.235244	4.79208	2.756024	0.85558	52.266
28.85688	11.93388	13.5498	27.9189	147.86959	9.256599	4.523952	2.777445	0.838415	41.358
37.40328	14.42856	14.29635	30.0462	119.48579	8.064765	4.629168	3.079044	0.890396	44.072
41.96988	11.601	12.80985	35.4504	152.00206	9.057177	4.387008	3.121886	0.92028	53.751
41.46228	9.76692	15.915	32.8341	141.56733	8.346888	4.166496	3.349023	0.918386	50.992
35.24688	13.73616	17.50725	27.0336	138.06036	6.92145	4.81656	3.046463	0.882115	50.403
31.50504	11.35788	13.1865	31.1562	142.90312	7.758261	5.01984	3.56407	0.859969	41.483
43.254	12.1506	15.41955	35.0277	137.55996	8.558541	5.466672	2.890068	0.935834	59.202
31.0608	10.04184	16.1595	29.8479	125.07915	6.91902	4.859808	3.071604	0.863609	37.499
39.24252	12.71088	17.9367	34.7898	156.55292	8.682552	4.490832	3.079974	0.929345	64.254
41.19264	12.45192	12.3408	24.5232	123.49316	8.49285	4.32216	3.26523	0.873464	43.576
35.136	14.07972	13.8471	27.2055	129.50352	8.368758	4.150608	2.716003	0.867441	44.174
38.73528	9.86208	18.2868	34.248	140.06474	8.658252	4.5456	3.107905	0.922747	51.607
30.61692	9.68772	15.948	29.3328	150.91786	8.560971	5.442144	2.903119	0.858284	44.101
32.32944	12.77424	13.2723	27.6018	119.11049	7.337466	5.436384	3.080904	0.85218	36.615
32.0598	12.69504	14.772	28.8174	146.5338	8.113365	4.770432	2.917069	0.861953	45.755
32.805	10.94028	15.43275	34.1952	143.94701	7.412877	5.486832	3.430956	0.886621	45.71
41.87448	11.1042	17.26935	28.7118	145.8666	8.395569	5.308128	2.654561	0.911158	59.884
33.94656	13.28172	17.0448	32.7813	124.87065	8.067195	4.0872	2.996212	0.896036	45.24
30.71196	12.30396	14.0454	36.3885	128.62782	8.264187	4.179456	2.862137	0.882506	38.517
29.96676	11.52168	16.7871	34.803	157.09502	8.889345	4.609008	3.306212	0.883544	46.995
30.75948	10.44348	13.5168	24.4572	152.79575	7.918803	5.319648	2.765324	0.830363	42.254
42.81012	12.25632	17.4345	31.8432	148.78838	8.023374	4.743072	3.528699	0.929968	64.344
36.13464	9.6084	11.9709	26.2806	139.98134	8.179056	4.891536	2.94965	0.852482	39.76
29.91924	13.5354	16.1991	27.4167	152.54555	7.612299	4.114608	3.102325	0.855054	47.221
34.20036	10.1316	17.30895	29.8878	131.21461	8.624151	4.79784	3.542649	0.882074	45.711
42.30288	13.70448	17.28255	35.7411	125.28765	8.378478	5.129376	2.819326	0.9448	58.187
38.79864	11.15172	14.26995	28.9893	138.47875	8.46612	4.717104	3.565	0.886573	48.495
40.30488	12.40956	15.9282	27.9057	131.7998	7.614729	5.416224	2.6443	0.897785	50.637
33.99408	14.47092	14.3361	24.7743	124.91235	8.266617	4.724304	3.456066	0.856441	43.609
33.07464	14.31228	16.2057	27.4698	131.00611	7.274205	4.149168	2.904979	0.87015	45.727
30.37896	13.398	15.882	28.1964	154.96554	9.29799	4.965024	3.206578	0.85838	49.496
43.0956	10.05768	17.0844	24.1665	129.42012	7.73388	4.80216	3.351813	0.896014	53.083
29.71332	9.54504	15.16185	26.1879	136.09907	7.522308	5.411904	2.93198	0.838326	38.95
36.6264	11.98152	13.38465	30.5484	134.42968	8.159616	4.936224	2.64616	0.881045	45.971
40.16232	14.52372	17.6922	29.6763	145.7832	8.052534	4.593168	3.25221	0.915253	63.684
34.81884	10.29024	14.52105	26.8485	118.4002	7.322805	4.29768	3.049253	0.860984	37.723
28.6668	13.0386	17.0712	26.3466	141.27543	9.127728	5.096208	2.850047	0.848442	43.526
30.34728	11.97624	17.157	36.5208	147.41089	7.247394	4.978032	3.235439	0.894245	47.88
33.85152	12.60516	11.80575	31.275	139.02085	8.439309	5.456592	2.914279	0.866427	41.64
35.00892	11.62212	13.8207	36.4017	123.95186	7.648749	5.175504	2.812816	0.898921	42.862
29.20572	12.732	18.13485	32.6889	142.98652	8.147466	4.721424	3.400235	0.879334	48.027
30.66444	14.1696	13.88025	28.4079	134.30458	8.675262	4.960704	2.657351	0.853342	40.843
41.79528	10.09464	18.18765	32.5434	151.75186	7.466337	4.32936	3.211259	0.928657	60.916
34.31124	9.6666	17.7516	32.3454	150.62457	8.653392	4.382688	3.475627	0.89375	51.16
40.71708	12.51	17.6262	24.4704	131.13121	9.186048	5.218752	2.999932	0.893767	56.458
42.0174	9.41808	12.9354	28.5663	133.96959	9.047457	4.910256	2.95802	0.8904	46.445
38.81448	10.26384	13.99245	23.6511	140.02304	9.139878	4.485024	2.877978	0.863088	46.757
35.34192	12.17172	15.9678	25.7652	129.12822	8.030664	5.485392	3.497048	0.868243	46.146
40.44744	12.35148	11.7462	30.8787	151.16806	7.172064	5.176944	2.811886	0.892178	51.743
31.96476	10.97196	17.9499	25.3821	140.52344	8.916075	4.3308	3.443976	0.858753	46.843
39.3534	13.8366	16.5096	31.9092	158.18061	8.920935	4.637856	3.521259	0.914188	63.888
40.0194	13.3398	18.2406	32.0943	153.29615	7.259625	5.199984	3.085585	0.924249	66.46
40.20984	10.45932	16.39725	25.4481	155.96773	9.227439	4.913136	3.318302	0.886538	55.237
34.97724	10.61784	12.8892	31.764	155.25883	8.852814	4.113168	2.861207	0.874826	44.665
30.47436	10.27968	12.6447	24.1398	133.67769	7.137963	4.34232	2.983161	0.823947	36.117
32.63076	11.02488	12.3276	33.693	144.15551	7.964973	4.425936	2.64058	0.870804	40.916
32.70996	9.88848	12.2682	29.4648	149.33048	8.872335	4.959264	3.487748	0.852357	41.797
36.51516	9.75636	13.63575	25.686	127.87583	7.035822	4.818	2.771834	0.85901	40.443
38.13264	10.90332	15.3534	28.1436	140.27324	8.51472	4.890096	2.973861	0.884618	49.223
36.3726	13.4508	16.4502	23.8359	141.15033	7.459047	5.459472	3.025073	0.869883	51.058
36.24588	9.66132	14.9835	28.4739	120.73818	8.755533	5.240352	3.120026	0.87457	41.815
33.83568	9.8304	18.0225	30.7599	148.16288	8.928225	5.086128	3.192628	0.886665	50.992
29.33244	12.00264	12.0171	31.9887	133.80279	8.784693	4.858368	2.764394	0.850059	37.925
40.95504	14.15904	12.71745	27.1791	130.96441	9.242019	4.356768	3.026933	0.887377	47.446
36.48348	10.92444	13.95285	28.9494	132.6755	6.90201	4.952064	3.500768	0.874912	44.8
39.2742	9.42348	12.6051	30.7995	153.75624	8.127945	5.0328	3.170277	0.8864	50.156
36.23004	12.82716	15.81585	29.2536	130.13041	8.453889	4.903056	3.26895	0.885976	47.137
29.61792	10.30608	16.66815	32.319	156.05113	7.950393	5.078928	3.438396	0.869953	45.726
29.06316	11.379	15.6705	28.3152	146.95219	7.303365	5.089008	2.651771	0.848931	42.197
43.52364	11.57448	12.99495	26.6241	144.03041	6.957981	5.187024	3.087445	0.892596	51.699
41.74776	13.76796	12.6381	32.1075	128.45963	7.252335	5.014032	3.478417	0.908583	48.248
34.6284	10.08936	18.17445	32.9664	145.11461	7.512588	4.265952	2.868678	0.899925	49.897
41.7636	11.83356	16.5294	35.9922	146.66029	7.809291	4.133328	2.910559	0.937664	59.33
32.8842	12.8958	11.733	28.4211	153.58805	7.220664	5.091888	3.061374	0.851379	43.79
42.22332	11.05128	13.7943	33.7989	149.95737	7.013952	4.681104	2.716933	0.918149	53.081
39.62304	9.98892	12.5391	26.7825	150.33267	7.198794	4.972272	2.733673	0.872235	48.799
34.23204	9.78288	14.4219	24.1266	146.5755	7.064982	4.414416	3.395585	0.846551	41.851
42.08076	14.45496	13.2261	34.737	131.7581	8.242317	4.642176	3.237299	0.92389	54.035
32.28192	14.64	15.76965	30.9843	137.76846	8.013654	4.526832	3.166557	0.878906	48.305
32.09148	10.1898	18.09525	31.341	124.28546	7.70472	4.271712	3.227999	0.882391	41.905
42.12828	9.48684	15.5781	28.3551	130.42231	7.429887	5.233152	2.738323	0.901315	47.644
34.75548	9.57144	14.79195	31.6317	151.45996	7.823952	5.127936	2.659211	0.880072	46.296
40.00356	12.14532	14.9571	31.6584	149.91567	7.775271	4.682544	3.070674	0.906667	53.538
36.56304	12.19296	18.2802	34.935	150.12417	8.322588	5.149536	3.26709	0.919284	56.346
32.29776	9.45516	17.6856	34.4859	130.63081	7.417737	5.120736	3.323882	0.893411	42.891
29.03148	12.80076	13.4442	34.3935	153.25445	8.325018	4.427376	3.527769	0.865567	43.913
33.24888	9.98364	16.8597	36.111	141.23373	8.594991	5.136576	3.451416	0.901179	47.719
31.75848	11.54808	15.08925	25.9236	126.91534	7.867692	5.122176	2.63779	0.848835	38.261
39.22668	10.4118	16.35105	32.0415	159.85	8.577981	4.861248	3.096745	0.908361	56.616
42.52464	11.41596	13.02795	29.1741	132.7172	9.259029	4.31352	2.822116	0.898239	47.258
35.10432	11.31552	13.93305	30.3765	149.20538	8.222877	4.08288	3.454206	0.875229	47.759
39.51216	10.59672	18.267	25.3953	126.37324	7.69257	5.123616	2.804415	0.891523	48.214
29.87172	12.954	12.9024	35.2788	124.41195	7.570908	5.381616	3.167487	0.870578	37.721
40.49496	11.53752	12.67785	29.9934	156.84482	8.908785	4.587408	3.443046	0.891574	53.504
30.3156	11.33664	16.1529	33.5082	120.11129	7.276635	4.219824	2.925439	0.87688	36.323
37.9422	14.44968	14.9637	24.51	123.74336	7.536888	5.28072	3.26058	0.874827	46.114
31.79016	9.64008	12.5787	35.358	154.13154	7.870122	5.03568	2.95988	0.873382	43.094
38.89368	11.08296	11.9313	32.6757	129.00312	9.28341	4.660896	3.382534	0.891661	44.279
43.41276	13.48248	14.30955	32.9268	147.03559	7.133103	4.238544	2.93384	0.925463	60.025
36.531	9.72996	14.60685	36.2697	144.53081	7.568478	4.880016	3.239159	0.905909	48.706
38.29104	11.21508	11.87835	25.2366	145.4913	8.295777	4.216944	3.229859	0.859682	46.427
29.53872	10.86108	18.0555	29.544	134.17948	8.135235	5.152416	2.735533	0.865132	41.168
34.00992	9.6348	13.92645	32.9532	133.05219	9.254169	4.926144	3.086515	0.878689	39.883
38.24352	12.81132	17.48085	26.4654	147.78619	8.53416	4.1016	3.430026	0.890806	55.01
30.93408	13.02276	14.20395	28.8834	151.12636	6.91173	4.34376	2.774655	0.855594	43.253
30.41064	12.24576	14.91735	27.8793	152.92085	7.266915	5.489712	3.067884	0.851171	44.574
36.75312	12.46248	12.75045	28.3284	140.39834	8.086635	5.008272	3.212189	0.870985	47.441
31.69512	13.40856	16.95885	36.3093	132.92709	9.003636	4.371168	3.101395	0.90027	47.499
37.81548	12.32508	18.10845	29.28	154.79874	7.517448	5.311008	3.529629	0.901679	58.143
37.59336	10.57032	15.41295	34.9218	153.71454	6.953121	4.33656	3.057654	0.909312	52.607
43.7616	11.27856	17.1108	31.698	149.83227	8.694702	4.525392	2.799765	0.930612	63.201
29.26908	11.36316	11.7264	25.6596	135.68207	8.385849	4.441824	3.006442	0.822684	36.586
32.56704	13.83132	17.87715	29.5839	156.13453	7.502868	4.5384	3.408605	0.882218	55.115
43.82496	12.52056	14.6268	32.874	135.51388	8.794494	4.711344	2.974791	0.926849	57.147
37.76796	13.79964	13.67535	35.8071	157.59542	7.369056	4.518192	3.216839	0.910689	55.036
40.13028	12.16116	11.766	31.7112	135.38878	9.203139	5.012592	2.830486	0.893909	47.509
41.14512	11.57976	16.91265	25.2894	151.62676	8.101215	4.620528	2.63965	0.893963	58.674
30.94992	9.57672	12.6315	24.9855	127.08214	8.719083	4.885776	3.217769	0.828114	35.359
31.17204	11.60628	15.43935	31.2354	126.83194	9.28098	5.482512	3.014812	0.868786	39.575
40.8438	13.01208	14.56065	34.1424	138.14376	9.188478	4.78344	3.486787	0.919697	52.675
30.63276	10.01532	17.6328	23.6643	139.31275	8.923365	4.996752	3.160047	0.843471	41.524
41.62104	13.9212	16.39065	26.9808	146.4504	9.31257	5.27352	3.213119	0.904562	63.327
35.9604	10.4382	12.3342	24.2193	139.60465	7.843392	4.930464	3.459817	0.846462	40.809
42.96852	11.38428	12.20865	32.1339	148.24628	8.171766	5.227392	3.461677	0.908359	52.772
38.862	12.48888	13.02135	27.6546	118.2751	8.035524	5.103408	2.94872	0.878511	42.599
39.1158	13.00152	12.5721	35.6223	144.86441	8.081775	4.126128	3.091165	0.909804	50.519
40.22568	13.8102	16.87965	27.7605	129.79542	8.986626	4.247184	2.747654	0.903455	55.066
31.9806	13.46664	14.1246	35.6883	119.86109	7.223094	4.585968	2.905909	0.887085	39.34
33.36012	12.55236	15.5913	31.5657	158.13891	6.960411	4.764672	3.193558	0.881453	52.529
40.25736	14.01636	11.81895	26.2938	144.78101	8.799354	5.250432	2.960841	0.877008	51.039
43.31736	13.72032	16.2123	26.0427	140.81534	7.169634	4.431696	3.069744	0.907077	60.043
43.80912	12.82188	13.1667	31.1694	137.30976	7.831242	5.323968	3.093955	0.914343	55.856
40.89168	10.98792	11.85195	36.2829	126.20644	8.072055	4.871328	3.26244	0.914234	44.815
29.79252	10.01004	13.28565	26.1219	121.19688	8.120655	4.531152	2.769974	0.831136	33.841
36.43596	13.30284	13.39125	31.5129	120.15299	9.210429	4.404336	2.849117	0.886166	42.633
42.93684	9.8568	15.8292	36.0054	132.3419	8.787123	4.487904	2.877048	0.937307	51.173
35.2944	12.41484	12.9552	32.9004	149.16368	9.035307	4.607568	2.63872	0.883544	49.084
35.50068	12.1824	11.9907	34.7106	143.48692	7.72902	4.845408	3.002722	0.887204	45.591
31.806	10.55976	11.83215	30.2445	128.87802	9.108207	5.27928	3.337863	0.850726	37.166
31.55256	12.83244	16.569	23.4792	125.70465	8.040384	4.979472	3.200998	0.847358	43.022
35.18352	12.27216	18.2736	27.9453	142.86142	8.057394	5.067408	3.066954	0.885934	52.09
29.745	12.85356	12.12285	25.8048	151.25146	8.305578	5.074608	2.717863	0.829629	41.958
40.62204	13.65168	17.4477	24.2589	126.62344	7.154973	4.782	3.370444	0.894107	55.043
42.6834	13.51428	17.7582	33.0588	142.48612	8.879625	4.229904	3.406745	0.93756	63.747
43.74576	11.01432	15.73665	25.5933	139.93964	8.826084	5.315328	3.429096	0.900208	58.012
43.65036	10.11576	17.7318	33.1515	145.2828	8.363898	5.205744	3.097675	0.937079	62.324
30.44268	13.61988	12.8298	33.3627	122.74117	8.191206	5.29224	2.725303	0.866136	37.456
29.88756	13.03332	16.00095	24.9723	149.66547	6.974991	4.725744	3.25593	0.843876	44.537
32.94792	14.41272	16.88625	34.0497	129.46182	9.059607	4.982352	3.357393	0.897933	48.552
40.28904	10.824	16.97865	28.7382	149.70717	9.142308	5.491152	3.074394	0.902885	55.613
35.81748	10.39596	17.745	35.3184	130.79761	8.573121	4.900176	2.677811	0.91307	47.623
38.529	9.7458	17.24955	28.17	126.49834	6.928821	4.610448	2.884488	0.892753	45.351
28.76184	11.87052	17.3883	30.6408	126.45664	8.582841	4.365408	3.499838	0.864872	38.655
32.7258	14.31756	17.83095	35.7279	133.46919	7.434747	4.473504	3.345303	0.907421	49.681
33.2964	11.41068	14.6796	33.2967	159.433	7.962543	5.403264	2.997142	0.882523	49.91
31.01328	14.48676	15.8952	28.9362	123.53486	7.463907	5.135136	2.976651	0.865968	43.634
43.1748	13.19712	16.35765	26.505	155.30053	7.240104	5.06304	3.344373	0.907822	65.714
32.3928	11.39484	11.9577	31.9488	133.26069	6.91416	5.094768	3.142346	0.861737	38.514
34.07364	13.87896	14.60025	26.5581	157.93041	8.52687	5.380176	3.379744	0.863303	53.642
41.47812	10.08408	13.8141	36.2169	126.87364	7.558758	4.758912	2.832346	0.923701	45.96
35.84952	12.68976	17.1702	33.3363	121.94887	7.738821	5.25768	2.64988	0.905907	46.201
34.27956	9.3864	14.4153	29.3988	138.52045	7.979634	5.139456	3.25686	0.867185	41.057
33.138	10.66548	14.0718	29.901	158.97291	8.164476	4.718544	3.194488	0.864643	45.682
33.15384	14.12736	14.6334	29.6631	147.45259	7.947963	4.165056	3.540789	0.871793	49.322
29.36448	11.36844	17.4543	33.2175	132.2585	9.081477	4.338	2.759744	0.877241	40.281
42.69924	13.23408	15.2874	31.9356	138.77065	7.819092	4.144848	3.446766	0.922297	57.79
32.472	11.0724	15.9612	26.3862	154.71534	8.762823	4.250112	2.64709	0.856556	47.042
28.12752	13.20768	13.40445	32.7681	133.92789	8.984196	5.331168	3.172137	0.855765	39.714
41.36724	13.27644	13.61595	27.8133	147.61939	9.30285	4.698384	2.729023	0.893669	53.429
29.85588	9.80928	12.0237	30.7332	147.95299	8.711793	4.675296	2.918929	0.844227	39.575
33.40764	13.50372	18.3	29.0685	151.29316	8.590131	4.418736	3.054864	0.885007	54.243
39.67056	12.06612	16.1331	36.5736	136.01567	8.701992	4.348128	3.208438	0.929761	50.933
32.6466	14.0586	17.81775	28.9629	153.50465	8.281197	5.02992	2.742043	0.880341	54.918
31.6476	13.35564	16.2651	32.9796	157.67882	7.556328	4.584528	2.64337	0.883881	52.667
31.45716	14.24892	15.2808	32.1603	119.94449	8.869905	5.0472	2.963631	0.877181	42.617
30.29976	11.51112	17.7054	26.3598	133.42749	6.970131	4.447584	3.033443	0.85537	42.286
42.77844	13.73088	16.04055	29.2932	149.49867	8.176626	4.208304	2.851907	0.916425	62.729
28.61892	11.74896	16.2717	34.671	147.57769	7.398216	5.410464	2.810956	0.87542	43.892
35.23104	9.5238	13.497	24.4305	152.16886	7.279065	5.244672	3.187978	0.847657	43.416
32.37696	12.5682	12.49275	25.884	122.07397	8.774973	4.606128	2.673161	0.842122	35.939
35.73828	12.66864	16.08675	26.3202	146.1168	7.033392	4.118928	3.447696	0.873458	49.91
30.28392	12.03432	15.849	35.2656	126.08134	6.9093	5.080368	3.111625	0.883463	38.972
37.26072	11.64852	14.3757	23.466	131.4662	7.595289	4.199616	3.332252	0.859889	44.336
29.17404	12.87996	14.052	24.5364	130.54741	7.437177	5.06016	3.544509	0.83065	38.015
34.04196	11.2944	13.2459	32.2926	159.4747	7.179354	4.77624	2.823976	0.875422	46.51
30.69612	13.6992	14.3625	26.5446	143.98871	9.266319	4.31784	3.162837	0.847574	42.853
32.83668	14.10624	16.11975	33.2439	155.09203	7.507728	5.361456	2.893788	0.89056	54.567
41.16096	9.68772	14.4285	30.8127	149.08028	9.069327	4.398576	3.023213	0.902514	51.64
42.14412	13.26588	14.27655	33.7458	122.61607	7.371486	4.355328	2.696442	0.922825	49.894
41.24052	10.37472	17.21655	35.3976	150.04077	8.811504	4.825248	3.480277	0.934116	58.139
29.8242	13.46136	16.437	33.5874	158.55591	7.840962	5.178384	3.417905	0.879437	51.334
37.08612	10.5756	14.23695	31.5393	157.30352	7.103943	5.107728	3.455136	0.88852	52.657
42.44544	10.64436	15.9546	29.5971	142.73632	7.210944	4.124688	2.93849	0.910839	53.859
35.91288	11.70144	14.9307	29.0553	143.90531	7.877412	4.10304	2.755094	0.878254	48.04
38.10096	11.49	12.21525	25.4349	131.29801	7.967403	4.363968	2.683422	0.861548	43.052
39.36924	10.89804	13.4574	34.5255	122.49097	8.884485	5.460912	3.220559	0.907356	44.996
40.05108	10.6338	13.7679	35.7939	158.68101	8.283627	4.829568	3.414185	0.916376	55.294
28.84104	11.712	16.1727	35.2257	130.25551	9.122868	4.908816	3.393694	0.878122	39.89
28.19088	10.04712	14.90415	28.8702	138.01866	8.616861	4.268832	2.986881	0.842206	38.456
31.18788	13.6728	17.25615	30.8919	119.90279	9.169038	4.362528	2.865857	0.878508	43.167
42.5088	12.3462	11.84535	33.2307	157.84701	7.592859	4.535472	3.011092	0.910632	54.71
30.60108	14.57652	14.48805	25.4877	154.29834	8.271477	4.640736	3.295951	0.845543	48.128
31.9014	12.04488	13.64235	29.4252	125.66295	7.909083	4.754592	3.039953	0.857787	37.516
37.51416	13.51956	16.60215	24.0474	155.71753	8.779833	4.176576	2.93663	0.876291	54.872
35.53236	11.94984	13.58295	36.1905	132.2168	7.313085	4.995312	3.427236	0.899709	45.728
40.33656	12.84828	12.77685	29.0949	127.95923	7.004151	5.420544	2.748584	0.889922	46.31
41.65272	13.88952	16.41045	25.0782	132.5087	8.461179	5.4984	3.403955	0.897603	58.398
34.2954	11.9868	14.3955	31.896	118.5253	9.130158	4.656576	3.26988	0.88079	41.252
37.89468	12.47832	11.9511	33.0324	148.12118	6.982281	5.207184	3.381604	0.890929	50.274
41.12928	13.44024	16.68795	24.8667	157.88871	8.935515	4.665216	3.340653	0.89486	65.159
31.26708	12.11364	18.12165	28.5927	138.39535	9.171468	5.04144	3.358323	0.870941	48.589
41.77944	9.915	12.68445	24.8931	121.61388	8.149896	4.54416	3.009232	0.874406	41.877
30.50604	14.12208	13.2129	27.4431	143.82052	7.072272	4.281792	3.276421	0.846102	41.217
35.6274	11.07768	12.2814	28.6191	120.57138	8.293347	4.519632	3.493328	0.863121	37.074
38.90952	9.4446	13.64895	30.6936	139.06255	7.938243	4.502352	2.675951	0.888876	46.233
39.08412	11.0196	16.37745	24.6948	123.65996	9.118008	4.232784	2.814676	0.879682	44.462
31.58424	10.22676	16.93905	23.4528	140.64854	8.704422	4.198176	2.93942	0.844094	41.517
32.61492	10.8822	17.50065	28.9761	153.21275	6.938541	4.290432	3.173997	0.873595	50.028
35.7858	14.53428	18.20085	26.1351	132.0917	7.972263	5.116416	3.303422	0.885565	52.07
43.14312	12.66336	14.32275	27.9849	136.89137	8.806644	5.344128	2.767184	0.903758	56.288
28.80936	13.38744	13.1469	31.3278	133.09389	7.804431	4.489392	3.538929	0.852216	38.596
31.77432	12.42552	12.69105	27.7338	155.42563	8.733663	4.5528	3.525909	0.847259	44.11
39.30588	12.8694	13.91985	33.8121	142.94482	7.71201	5.468112	2.656421	0.908936	51.918
35.35776	10.1634	16.63515	36.1641	131.5913	7.930953	4.441824	3.436536	0.909589	46.375
31.91724	12.77952	12.15585	24.576	149.62377	7.750971	5.197104	3.469117	0.834192	42.573
39.14748	10.25316	16.00755	35.2389	136.59947	7.72173	5.370096	2.686212	0.919328	50.225
37.14948	13.10724	17.85075	31.4337	135.22198	8.845524	5.494032	3.255	0.907466	52.823
36.46764	11.72256	15.2478	36.6	155.84263	9.049887	5.204304	3.24012	0.912085	55.142
30.9816	9.42876	16.8333	35.3052	147.99469	7.904223	5.253312	3.013882	0.887542	44.557
41.8428	12.56292	12.8496	24.9987	133.55259	8.393139	5.407584	3.401165	0.880389	48.5
31.1562	10.22148	12.3078	23.889	153.00425	7.882272	4.646496	3.135836	0.824335	40.862
28.42884	11.77536	15.80925	29.3064	151.87696	7.597719	4.408656	3.513788	0.851355	43.22
36.18252	11.73312	17.56005	30.099	129.33672	7.174494	4.141968	2.753234	0.894707	46.261
33.6294	13.69392	16.8729	24.7611	128.33453	8.964756	5.130816	3.545439	0.863972	46.873
33.01128	11.00904	12.5457	36.0582	140.23154	7.862832	4.353888	3.453276	0.882882	40.761
32.04396	13.24992	16.4832	27.2847	139.43785	9.215289	4.30344	2.730883	0.864231	47.403
40.97088	13.66752	12.321	31.7376	135.01348	8.441739	4.389888	2.703882	0.902336	48.336
42.06492	10.55448	12.40035	27.0468	149.74887	8.54388	4.55856	2.695512	0.8839	50.362
36.49932	10.78704	11.7	27.1923	127.58393	7.330095	4.694064	3.159117	0.858271	38.223
32.48784	11.22576	14.7192	25.4085	157.01162	7.393356	4.924704	3.533349	0.847808	45.537
37.1178	14.14848	15.39975	33.4155	138.72895	7.792281	4.167936	2.719723	0.906396	50.047
33.81984	12.47304	13.2525	24.7476	136.80797	6.90687	5.03856	3.176787	0.846963	42.437
42.39792	13.71504	15.3336	32.0811	122.53267	8.945235	4.33224	3.302492	0.922575	53.257
28.52388	11.44236	13.41105	34.5123	158.43081	8.278767	4.505232	2.907769	0.861839	43.982
35.02476	10.78176	14.4021	33.1911	139.22935	8.288487	4.421616	3.056724	0.887405	45.625
42.38208	10.21092	13.5366	26.2011	149.99907	7.344756	5.133696	3.507278	0.886192	51.973
31.53672	13.10196	18.0159	28.7646	146.2002	7.152543	4.30056	2.722513	0.873989	50.196
42.90516	12.55764	17.53365	28.2756	126.28984	7.140393	4.8036	2.796975	0.917302	55.808
30.06216	13.32396	17.4741	26.8221	134.38798	8.726373	4.10016	3.183328	0.858409	45.492
31.48884	14.02164	14.7324	33.3891	134.59648	8.957466	4.405776	2.706672	0.879392	44.776
31.07664	12.36732	17.1636	30.3501	127.29203	7.009092	4.851168	2.699232	0.873365	43.441
42.65136	13.42968	15.6045	27.4035	134.84668	6.977421	5.247552	3.083694	0.906262	57.635
30.80736	11.4318	12.5985	27.2583	155.55073	7.193934	4.283232	3.373234	0.839242	42.34
40.527	11.9286	15.5583	25.0119	120.27948	8.244747	4.603248	3.514718	0.885162	44.944
29.42784	10.46988	15.77625	28.236	155.67583	8.906355	4.440384	3.479347	0.849223	44.172
30.33144	14.59248	15.6111	32.1735	142.61122	8.680122	5.358576	2.93012	0.874455	48.971
29.58624	10.39068	16.8531	35.7807	128.91972	7.488207	5.099088	2.756954	0.884747	39.336
28.47636	13.974	16.8399	31.2486	145.3662	7.128243	4.839648	2.984091	0.867149	46.014
40.54284	12.99096	13.33845	23.532	141.06554	8.273907	4.626288	3.495188	0.872295	49.527
29.01564	13.85244	16.1661	24.1533	148.95518	7.977123	5.26776	2.911489	0.839501	45.523
42.588	11.5164	16.92585	31.4601	129.92052	8.706852	4.499472	3.546369	0.924246	55.616
40.39992	14.22252	17.3751	35.292	141.94263	8.631522	5.02416	3.449556	0.936157	63.652
33.2172	11.53224	18.2934	34.0233	123.45146	8.4807	4.79064	3.228929	0.900589	45.386
40.51116	9.53964	17.58645	29.4384	135.80717	8.300637	4.634976	2.727163	0.907406	49.604
39.195	14.18016	18.0357	31.8828	135.18028	7.264485	4.278912	3.004582	0.92047	58.62
34.137	10.69716	17.17695	23.7039	141.02384	8.181486	5.387376	2.820256	0.857706	48.093
40.08276	14.25948	16.66155	24.3117	150.08247	7.66827	4.843968	2.779305	0.889966	62.08
41.0184	14.23308	14.1576	24.1002	148.41308	8.001504	5.237472	3.236369	0.882488	57.565
37.6092	11.03016	13.03455	35.1861	142.81972	7.974693	5.495472	3.168417	0.900941	49.282
29.06316	11.50584	13.29885	25.7784	123.36806	6.936111	4.920384	2.872398	0.829183	34.969
39.71808	9.72468	17.0514	27.4299	155.80093	7.400646	5.05728	3.452346	0.893963	55.095
39.92436	10.48572	13.5102	26.7693	121.03008	8.736093	5.188464	2.682492	0.878329	42.93
40.90752	13.86312	15.3006	36.0978	142.40133	7.500438	4.747392	3.492398	0.932135	59.157
39.81348	10.33776	14.7522	31.6053	121.90717	7.201224	4.218384	2.729953	0.902215	43.261
39.40092	10.3536	13.57635	34.9482	158.63931	8.198496	4.57728	2.835136	0.909033	53.623
30.4902	9.40224	13.1601	28.0776	121.40538	7.539318	5.0256	3.100465	0.840497	34.325
34.72344	11.94456	15.8886	35.9262	119.61089	7.896852	5.339808	3.289441	0.904984	43.968
29.66544	10.14228	17.88375	33.5346	144.32231	7.386066	4.469184	3.439326	0.880023	42.876
34.7076	9.67716	16.7343	26.8884	136.76627	7.563618	4.107408	3.036233	0.869148	45.081
41.63688	13.6146	13.8603	34.2348	150.74967	9.28827	5.231712	2.866787	0.921382	58.885
37.2924	10.25844	16.7607	32.2395	119.40239	8.723943	4.160736	3.397445	0.902498	43.297
36.35676	13.95816	11.9643	31.4073	122.57437	8.857674	4.449024	3.322952	0.880474	42.76
39.43296	12.36204	14.89095	30.4692	141.60903	7.634169	5.254752	3.55291	0.899615	51.57
34.58088	9.73524	16.4634	31.143	158.51421	7.298505	4.933344	3.066024	0.884642	52.164
32.01228	11.66964	13.68855	36.3357	157.72052	7.629309	4.884336	3.320162	0.885452	46.318
28.22256	11.90748	17.3685	27.5754	139.35445	8.145036	4.430256	2.796045	0.850532	40.93
30.17304	13.54068	16.7475	28.9098	154.75704	8.894205	4.277472	3.472837	0.864169	50.955
35.26272	14.32812	17.3355	28.5003	134.67988	9.27612	4.869888	3.001792	0.888135	50.634
30.96576	10.80816	16.7673	25.5537	124.45365	9.025506	5.298	2.806306	0.8499	38.49
34.16868	11.47944	14.0388	35.0013	136.51607	9.200709	5.313888	3.444906	0.890449	45.503
35.69076	11.8758	13.2393	29.6367	143.73712	9.28584	4.655136	3.115345	0.872705	47.484
33.45516	12.6792	11.83875	23.8758	150.37437	8.660682	4.705584	3.122816	0.836542	42.533
40.46328	13.3134	12.6711	35.5959	135.97397	8.757963	5.391696	3.309932	0.916289	50.662
34.15284	13.04916	16.8465	26.4126	118.4419	9.100917	5.262	3.114415	0.871017	43.979
38.4498	12.70032	16.8003	34.8954	124.82895	7.147683	4.613328	3.518438	0.921572	47.852
38.38644	12.52584	11.78595	33.4686	122.78287	7.561188	5.345568	3.110695	0.894116	43.64
30.77532	12.35676	16.5558	35.9526	121.53048	8.585271	4.836768	2.801625	0.891741	41.21
35.57988	13.0914	15.74985	31.5525	154.63194	9.190908	5.49984	2.93477	0.892344	55.102
43.11144	11.3208	15.0693	33.7194	121.28028	8.050104	4.3164	3.105115	0.927359	49.391
33.70896	10.19508	12.288	29.967	129.67032	7.816662	4.117488	2.922649	0.859109	36.712
39.7656	14.38632	12.9486	28.5531	124.70385	8.947665	5.02272	2.745794	0.888938	45.995
40.7646	11.99736	12.6183	24.8007	121.11348	7.208514	4.205424	2.995282	0.873024	42.013
42.54048	10.16868	18.234	27.1527	130.92271	8.643672	5.26488	3.147957	0.910482	56.308
28.27044	13.98468	12.50595	29.6895	140.35664	8.261757	4.492272	3.052043	0.841914	39.785
36.94356	9.7194	15.98775	27.1659	131.8415	8.047674	4.192416	3.511928	0.87663	44.977
37.7838	13.16544	11.91795	26.928	132.76029	9.222579	4.939104	3.365794	0.867695	45.802
41.71608	12.72144	16.05375	26.4918	131.08951	7.602579	4.140528	2.680601	0.899413	53.164
42.47712	13.95288	15.0495	32.0151	129.37842	7.030962	4.647936	3.149817	0.921849	55.396
34.92972	11.6274	11.87175	31.3014	158.72271	8.125515	5.248992	3.350883	0.869886	46.337
32.02812	9.4128	16.65495	27.7737	138.31195	8.981766	4.79352	2.778375	0.860626	41.219
38.1168	13.56708	17.058	25.1574	119.19389	7.305795	5.236032	2.876118	0.884997	47.531
42.63552	11.26272	13.35825	34.0365	127.25033	7.446897	5.393136	3.473767	0.919285	47.724
36.38844	11.83884	15.9414	27.3507	157.38692	9.29556	4.81224	2.908699	0.878111	53.988
35.8812	14.62944	12.3738	31.1298	142.31793	7.770411	4.5672	3.26802	0.880307	48.533
42.03324	14.16432	17.48745	30.3237	132.5504	7.515018	5.243232	3.411395	0.924136	60.779
32.59908	9.95724	14.19735	30.2181	141.77583	6.91659	4.32504	3.106975	0.863188	40.417
28.2384	14.06388	15.5715	34.4331	150.58287	8.641242	4.745952	3.182398	0.873327	45.184
33.59772	11.18868	16.09335	30.8523	133.51089	9.2907	4.203984	3.178678	0.879708	44.933
39.70224	10.3272	12.40695	35.3316	136.93446	8.840664	4.423056	2.793255	0.90688	46.582
40.38408	12.24048	16.536	34.6842	132.0083	6.962841	5.349888	3.392764	0.927152	53.737
36.7056	11.03544	14.4549	25.9503	139.14595	6.996861	5.453712	2.863997	0.866355	47.229
31.10832	10.67604	13.1733	26.4522	121.65697	8.692272	5.470992	2.913349	0.838575	35.733
34.78716	9.81456	16.2519	24.021	140.85704	7.120953	4.865568	3.043673	0.856299	46.165
41.22468	10.82928	12.255	31.3809	120.23778	8.108505	4.479264	2.751374	0.897373	42.226
36.89568	11.85996	12.76365	36.1242	153.17105	8.575551	5.224512	2.780235	0.90163	51.973
39.41676	10.33248	13.5036	29.7951	133.30239	8.456319	5.50128	3.541719	0.88796	47.014
38.54484	11.5428	17.20335	28.6722	122.03227	8.748243	5.238912	2.652701	0.897289	46.223
37.30824	9.52908	12.5259	32.3322	148.20458	8.974476	5.01696	2.757884	0.884082	45.434
41.03424	11.823	18.07545	35.5428	139.27105	9.052317	4.998192	2.879838	0.939304	60.729
41.4306	12.93288	15.0561	25.8312	131.3828	9.273609	4.962144	3.543579	0.891854	52.59
31.3146	11.40012	17.6526	27.2715	143.27842	7.828812	5.132256	3.55663	0.862818	47.813
43.57116	12.61044	12.942	32.2794	150.49947	8.332308	4.907376	2.691792	0.916415	57.54
29.80836	11.97096	16.93245	32.3718	149.28878	8.670402	5.475312	3.195418	0.87439	46.189
32.85252	9.5556	12.43995	32.5833	127.33373	7.478487	4.719984	3.421625	0.865881	36.515
28.8252	12.1242	13.95945	34.5519	153.46295	8.760393	5.163984	3.416045	0.866534	44.651
35.32608	12.843	14.59365	35.4372	154.84044	9.237159	4.417296	3.330392	0.901341	53.219
41.70024	11.37372	15.78945	24.087	135.13858	8.140095	5.469552	3.005512	0.886565	51.854
42.15996	11.16228	16.99185	30.5352	156.76142	8.969616	4.30776	3.353673	0.918514	63.107
28.53972	10.12104	15.3402	26.0559	136.34927	8.290917	4.604688	3.415115	0.834444	38.521
43.23816	9.46572	13.4904	33.8517	149.41388	7.505298	4.464864	3.140486	0.919427	52.006
31.37796	10.935	15.12225	24.2457	140.14814	7.257195	5.450832	3.376024	0.839808	41.028
32.9796	11.75424	12.75705	25.5273	142.44303	7.315515	4.80504	2.687142	0.842955	40.502
33.78816	13.92648	12.07665	34.2216	121.86547	7.71687	4.78632	3.380674	0.880988	40.345
31.94892	13.21824	12.45975	32.6493	152.33705	7.069842	4.600368	3.483997	0.86751	44.086
28.25424	11.5692	12.09645	30.1785	145.9917	7.449327	4.645056	2.989671	0.837998	39.364
28.96776	13.64112	13.1535	34.6443	124.36886	8.996346	4.476384	3.126536	0.866332	37.219
38.84616	12.80604	12.0699	34.7766	146.0751	7.986924	4.688304	3.517508	0.90288	50.735
28.93608	10.61256	18.0291	27.4566	125.95624	8.882055	4.474944	3.064164	0.853813	38.007
43.47612	11.42652	13.35165	30.7464	137.47656	9.246879	5.165424	3.280141	0.909889	51.507
39.4488	14.29644	16.08015	26.5977	124.32716	8.548821	5.462352	2.831416	0.893341	52.775
36.87984	11.08824	15.40635	31.8168	129.96222	7.332606	4.08144	3.24756	0.894419	45.102
34.77132	10.99848	14.81175	27.9321	153.63114	8.059905	5.5128	3.423485	0.867384	50.71
42.23916	10.53336	14.58045	25.263	147.70279	8.918505	4.288992	3.390904	0.886834	51.632
28.5714	11.81232	13.60275	31.0506	121.74037	7.181784	4.927584	3.409535	0.849549	35.529
31.66344	9.78816	14.1444	24.9195	153.08765	8.998776	4.846848	2.853767	0.837616	42.695
32.99544	13.53012	13.90665	30.3897	154.50684	7.366626	5.445024	3.476557	0.86978	50.658
43.44444	14.13264	14.78535	25.9899	150.24927	8.213076	4.227024	3.304352	0.902194	61.946
36.61056	12.04488	13.431	36.5604	131.7164	8.830944	4.862688	3.065094	0.905252	46.51
38.59236	13.2552	15.71685	32.7549	135.30538	9.088767	5.05008	2.64151	0.909955	50.621
42.41376	13.065	17.9829	35.1201	135.93227	7.695	4.82232	3.185188	0.944819	61.755
42.11244	12.76368	14.6466	35.5827	119.77769	7.814151	4.985232	3.175857	0.930801	50.175
28.30212	10.38012	12.2484	30.2049	146.0334	8.208216	4.415856	3.364864	0.837228	38.442
35.31024	10.23204	11.88495	32.2662	123.24296	8.298207	5.0616	3.007372	0.873498	36.734
29.72916	10.88748	15.261	32.0679	146.3253	8.597421	4.80072	2.64244	0.864218	42.495
42.00156	11.25744	16.40385	36.4149	140.10644	7.347186	4.361088	3.375094	0.939106	56.707
33.53436	13.48776	12.48615	34.3008	149.12198	7.067412	5.414784	2.863067	0.881269	47.153
36.4518	13.57236	17.85735	26.7957	150.16587	8.740953	5.210112	3.524979	0.887493	56.263
37.56168	12.50472	15.5385	30.9579	158.47251	8.315298	4.854048	2.667581	0.896575	55.35
41.20848	13.02804	17.3949	34.6578	156.92822	7.196364	4.498032	3.25779	0.935326	66.508
41.6844	10.62324	17.7714	32.7285	120.19469	8.419869	4.81224	2.985951	0.927848	51.298
43.587	11.46888	12.73725	28.104	130.08871	7.643889	4.78776	3.407675	0.897381	47.126
42.88932	11.47416	18.18105	28.2228	137.68506	7.084422	4.616208	3.205648	0.917976	59.281
37.33992	9.51852	17.19675	27.6414	122.28247	8.602281	4.5816	3.116306	0.885056	43.791
37.00692	13.18656	15.8556	28.6323	121.69867	7.099083	5.119296	3.55756	0.88766	45.262
39.59136	10.87692	16.36425	31.5921	159.5581	7.607439	4.351008	2.702952	0.908782	55.721
38.32272	9.53436	17.78475	29.8746	135.84887	7.69986	4.888656	3.214979	0.900722	49.147
33.26472	14.5872	18.10185	32.3586	144.28061	8.162046	5.114976	3.164697	0.898156	54.168
31.82184	12.4572	14.3427	24.6288	121.15518	7.546608	4.349568	2.700162	0.842634	36.159
36.10296	9.43404	15.6441	29.7687	154.88214	8.607141	4.983792	3.526839	0.88168	51.632
43.72956	11.79648	16.58235	26.0955	132.1334	8.699562	4.735872	2.718793	0.90701	57.04
33.74064	9.39168	13.04115	33.1116	133.63599	7.288785	4.872816	2.874258	0.874154	38.655
41.38308	12.8166	12.77025	28.3815	155.17543	9.010926	5.424864	3.307142	0.891514	55.333
35.80164	12.25104	15.82245	27.7869	146.82709	9.31014	4.601808	3.488678	0.877513	50.953
32.17068	11.1306	16.41705	24.9327	152.25365	8.959896	5.198544	3.510998	0.851654	48.274
38.98872	11.80704	13.05435	32.385	118.567	7.111233	4.632096	3.284791	0.896681	42.313
35.19936	14.05332	14.4681	24.4173	132.467	7.021242	4.55136	3.485857	0.859912	45.615
33.93072	14.37048	12.2748	33.2835	132.84369	9.071757	4.947744	2.93105	0.879493	44.915
30.99744	10.56504	13.10715	36.5076	148.03778	7.218234	4.378368	2.978511	0.878015	41.784
39.0204	13.82076	13.04775	28.6986	123.20126	7.845822	4.3236	3.536139	0.885693	44.339
31.473	10.40652	12.81645	28.3416	147.74449	7.106373	4.162176	2.679671	0.845673	40.146
38.196	12.96456	13.90005	29.3196	136.64117	8.308008	4.252992	3.124676	0.88668	47.812
42.82596	11.06712	13.12035	34.182	137.85186	7.67313	4.110288	2.846327	0.919412	48.836
35.2152	11.23104	18.2604	31.6716	149.37218	8.50743	4.683984	2.746724	0.899082	53.122
36.91188	11.99208	14.9439	35.6751	134.88838	7.026102	4.302	2.848187	0.909311	47.322
30.25224	9.84096	14.81835	27.0072	154.34004	7.806861	4.129008	3.133976	0.842848	42.393
34.3746	11.49528	16.1463	33.072	136.68287	7.906653	5.0544	3.000862	0.892528	47.71
38.00592	13.63056	13.09395	34.1556	132.5921	7.074702	4.251552	3.413255	0.902453	46.972
41.5098	11.32608	13.97925	25.1706	122.32417	7.006662	5.148096	3.078114	0.88217	44.411
33.23304	11.1834	12.74385	25.131	133.76109	9.083907	4.31208	3.432816	0.841445	38.353
34.803	11.17284	14.23035	29.6235	159.3079	9.249309	5.214432	3.25965	0.87201	51.627
31.61592	12.63684	13.2063	32.8872	152.96255	7.553898	4.08432	3.141416	0.869296	43.824
42.66756	12.27744	18.15465	25.4217	144.57251	7.439607	5.159616	2.95151	0.907449	62.826
34.10532	11.43708	17.32215	26.7561	159.6832	7.935813	4.516752	2.95337	0.871297	53.476
38.9412	10.75008	12.79005	24.6552	134.63818	8.952606	5.455152	3.024143	0.863253	45.866
32.51952	10.70244	12.5589	35.9658	133.84449	9.113148	4.273152	3.25407	0.880103	39.015
32.90004	13.82604	12.0567	32.5569	125.24595	8.098785	4.510992	2.731813	0.870458	38.418
31.85352	9.56088	14.0652	30.8655	122.94967	8.361468	4.242864	3.286651	0.86157	35.739
28.87272	10.83984	13.39785	24.2193	149.54037	8.942805	4.937664	3.301562	0.821609	40.881
35.64324	11.77008	17.61285	29.2668	119.44409	7.784991	4.722864	2.979441	0.889422	44.032
36.27756	11.7648	17.54025	32.2263	148.70498	7.631739	4.190976	3.512858	0.903511	52.845
32.42448	14.59776	13.00155	31.3941	155.46733	8.867394	4.385568	3.293161	0.869272	49.331
38.30688	14.2806	12.843	36.1509	138.35365	7.468767	5.192784	3.184258	0.911544	50.43
29.28492	10.98264	15.8358	26.8353	123.28466	9.144738	5.02704	3.299671	0.844126	37.029
37.27656	10.96668	16.72095	23.6907	128.08433	8.993916	5.04432	3.362043	0.869507	46.095
41.06592	10.5228	13.8339	33.1779	118.4836	9.054747	4.7892	2.95058	0.910218	43.704
31.14036	12.92232	16.62195	33.9441	134.51308	8.371188	5.423424	3.55105	0.886378	47.285
29.95092	11.59044	16.33125	25.2762	121.57218	7.952823	4.263072	3.186118	0.84401	36.036
29.1582	11.24688	17.9433	30.8391	139.10425	7.186644	5.329728	3.160977	0.868761	42.591
42.46128	13.176	14.1642	36.4548	152.46215	8.373618	4.929024	3.163767	0.934306	61.769
42.79428	10.85568	13.00815	35.0541	155.63413	7.281495	5.156736	3.173067	0.922056	55.235
29.22156	13.44552	17.84415	29.5575	122.36587	8.429589	5.126496	3.326672	0.867109	43.222
37.13364	14.42328	16.29825	30.2577	139.81454	9.045027	4.185216	3.152607	0.898538	51.763
28.71432	12.2352	13.72155	25.2234	145.15631	8.196066	4.153536	3.319232	0.828668	40.205
39.16332	10.8504	12.0501	27.0204	119.31899	8.655822	5.172624	3.312722	0.870472	41.29
36.42012	10.80288	14.4747	28.791	156.71972	8.891775	5.326848	2.650841	0.876046	52.33
36.73728	11.92332	18.19425	31.4469	128.41793	7.765551	5.158176	3.482137	0.90537	48.89
31.42548	10.92972	14.4615	26.1087	157.34522	6.984711	4.78488	2.993422	0.844443	44.178
29.55456	13.94232	16.68135	32.4906	135.43048	8.091495	4.918896	2.64895	0.875816	45.746
42.921	9.61368	14.87115	32.1867	143.40352	7.833672	4.940544	3.484927	0.917329	52.055
36.68976	12.46776	14.9901	26.0823	128.58612	9.29313	4.894416	2.803485	0.871565	45.571
38.48148	10.17396	12.6579	25.4613	157.55372	8.967186	4.714224	3.120956	0.862956	50.319
35.42112	10.58616	17.1306	35.4768	123.86846	8.417439	4.215504	2.94314	0.909658	44.324
33.7248	9.62424	14.3295	35.6355	130.88101	7.639029	4.189536	2.758814	0.890124	38.695
39.89268	12.58932	18.0687	27.3243	151.41826	7.244964	4.231344	2.827696	0.90318	61.474
38.7828	11.30496	12.69765	34.2744	153.96474	7.213374	4.248672	3.399305	0.901166	51.334
34.32708	12.0714	13.88685	24.0342	119.06879	8.750673	4.731552	3.24384	0.848335	39.685
28.28628	11.3526	15.09585	23.9814	137.93526	7.646319	4.766112	3.017602	0.826315	38.85
41.11344	10.83456	16.8663	29.1873	120.86328	7.001721	5.04	3.354603	0.907703	47.583
30.3948	11.2416	16.98525	23.5188	144.40571	7.67799	4.196736	3.305282	0.84129	42.182
29.12652	11.48472	14.24355	32.8473	134.80498	6.950691	4.673856	2.763464	0.861299	38.856
31.40964	14.60304	14.25015	31.6185	158.38911	7.653609	4.54704	3.026003	0.871136	50.891
37.99008	14.3916	16.64175	23.9946	153.67284	7.549038	4.483584	3.328532	0.88014	58.202
42.27084	10.7448	11.86515	25.5405	138.10206	8.903925	4.771872	3.355533	0.876889	47.302
35.16768	13.35036	14.57385	32.2131	159.7249	8.446599	4.944864	3.181468	0.888619	54.65
38.83032	12.33036	12.6117	30.1122	142.56952	6.88986	4.594608	3.123746	0.885946	48.509
37.68876	13.15488	13.33185	36.0846	153.83964	7.991784	5.378736	3.494258	0.909039	54.669
33.50268	12.40428	16.70775	33.4554	144.98951	8.400429	5.443584	2.64802	0.894044	51.293
41.58936	13.2288	16.7805	29.6103	118.86029	8.901495	4.875696	2.969211	0.914858	52.979
31.20372	9.65592	16.06695	25.0518	156.09283	8.183916	5.009712	3.199138	0.844137	44.601
37.92636	11.09352	13.98585	31.9755	141.98433	9.195849	5.49696	2.967351	0.893477	49.998
28.1592	12.76896	13.66875	29.2269	158.05551	7.753401	4.916016	3.300601	0.842456	44.271
39.06828	13.65696	17.6724	23.8227	124.78725	8.721513	4.57152	3.224279	0.886876	53.18
33.28056	9.36528	16.09995	30.6276	157.22012	8.50986	4.472064	2.891928	0.875038	46.537
34.73928	14.49732	13.68195	34.7634	128.83632	8.232597	4.136208	3.125606	0.894871	45.161
40.81212	11.82828	18.20745	31.8036	131.6747	7.894422	5.390256	2.961771	0.923975	57.7
31.67928	14.20128	16.27845	29.8083	118.3585	8.546391	4.410096	3.334143	0.873207	42.41
32.93172	13.05444	14.85135	31.3146	133.88619	6.885	4.57008	3.145136	0.876317	44.73
30.14136	12.26688	14.01885	35.3712	144.23891	9.268749	4.596048	2.985021	0.875844	42.655
39.98772	12.7902	12.0039	23.5719	138.97915	7.490637	4.668096	3.052973	0.864024	47.129
29.47536	13.84188	15.76305	25.752	136.55777	7.483347	4.756032	2.676881	0.845645	41.819
41.2722	11.28384	14.6598	27.0864	122.86627	9.261459	4.696944	3.179608	0.89143	45.323
33.61356	13.38216	17.56665	33.3099	143.23672	7.242534	5.50416	3.383464	0.899074	52.847
28.77768	10.70772	16.8069	35.4108	137.60166	8.937945	5.215872	2.859347	0.880002	41.682
28.9044	11.10948	14.7126	25.6728	119.15219	7.982064	5.318208	3.297811	0.833418	35.217
34.43832	13.7838	15.3138	33.8649	130.04701	9.137448	4.280352	3.502628	0.895839	46.629
31.3938	13.27116	17.3817	28.923	138.43705	7.495578	5.465232	2.782095	0.871603	48.854
41.90616	9.94668	14.1048	33.2043	127.16554	7.480917	4.391328	3.519399	0.914316	45.76
30.6486	10.32192	15.228	34.2084	157.17842	7.66341	4.209744	3.274561	0.875887	44.989
37.97388	11.68548	14.88435	30.9183	125.20425	7.023672	4.904496	2.892858	0.894128	44.896
41.98572	12.96984	12.44655	31.83	119.52749	8.838234	4.966464	3.165627	0.906389	44.969
39.74976	9.70356	14.7456	30.0858	142.10943	6.965271	4.914576	3.075324	0.89496	49.176
43.03224	11.86524	14.83815	26.0031	158.26401	8.697132	4.450464	2.972931	0.896424	60.789
41.49396	9.40752	15.9348	30.3105	135.76547	8.962326	4.852608	3.308072	0.907925	49.697
29.39616	12.00792	13.8405	23.6247	133.71939	8.816364	4.992432	2.94407	0.825564	38.356
34.64424	11.84412	17.4675	29.1081	158.93121	8.405289	4.77768	3.388114	0.884065	55.234
29.25324	13.9476	15.08265	23.7963	134.34628	8.103645	4.402896	3.059514	0.834808	39.451
37.05444	14.33868	17.3421	32.1471	119.56919	8.076915	5.195664	3.136766	0.909752	49.05
38.49732	14.39688	11.91135	29.5308	133.01049	7.66098	4.957824	2.850977	0.882897	46.94
43.30152	9.95196	12.5853	31.1166	129.75372	8.118225	5.338368	3.112555	0.905341	46.661
31.74264	12.74256	14.25675	35.8734	135.59867	9.062037	5.26632	2.740183	0.886318	42.639
40.11444	13.98996	17.1042	27.3639	150.29097	8.991486	4.704144	2.694582	0.902778	63.177
43.20648	13.93176	17.90355	32.1999	138.56215	8.843094	4.630608	2.94779	0.937724	63.618
35.56404	9.804	14.0784	30.9975	122.82457	9.032877	4.943424	3.547299	0.878198	39.948
34.47	14.4444	13.71495	36.0186	140.98214	8.663112	4.77912	3.347163	0.89871	49.512
33.804	10.07352	17.19015	28.857	130.29721	8.52201	4.130448	2.698302	0.875677	43.653
33.58188	11.31024	15.0165	33.9573	144.36401	6.90444	4.500912	3.490538	0.887678	46.423
34.50168	9.60312	15.14205	26.5713	140.60684	9.207999	4.658016	3.26616	0.860154	43.432
41.28804	12.01848	14.9373	36.5868	139.68805	7.359336	5.100528	3.022252	0.931538	52.842
38.95704	10.11048	15.5253	30.7731	159.8083	7.70715	4.411536	3.425345	0.898209	54.689
32.67828	10.59144	15.5847	32.94	124.03526	8.427159	5.432064	2.663861	0.88121	39.642
28.3338	10.3854	14.706	32.5302	147.32749	7.167123	4.999632	3.133046	0.857146	41.614
36.81648	11.75952	16.4436	28.7778	145.7415	6.88743	5.251872	3.197278	0.887501	51.582
33.3126	12.53112	11.79915	32.0283	136.39097	8.828514	4.154976	2.94221	0.866967	39.63
42.1758	12.93816	18.2472	24.6816	141.85923	8.388279	4.352448	2.999002	0.904214	61.396
34.2162	14.51844	12.39375	25.1838	132.3002	8.672832	4.737312	3.015742	0.85075	44.124
30.68028	11.2098	14.151	31.4865	135.72377	8.933085	4.506672	3.55942	0.861666	39.866
40.9392	9.43932	17.0976	33.9705	130.00531	7.573338	4.287552	2.988741	0.925428	47.918
32.26608	10.15812	12.2616	28.1172	147.91129	8.860104	5.394576	3.012022	0.845428	41.506
29.34864	14.57124	13.91325	26.6373	143.44522	7.354476	5.150976	3.25035	0.842039	41.971
37.75212	14.0322	14.86455	35.0805	128.50133	7.940673	5.27496	3.534279	0.913156	48.732
32.3136	10.9086	15.9744	30.033	124.07696	7.184214	5.437824	3.416975	0.870089	40.011
43.22232	10.54392	14.89755	25.3557	149.87397	9.120438	5.087568	2.808166	0.892727	55.377
41.6052	13.74684	14.4483	28.8438	120.32118	8.256897	5.076048	3.497978	0.903008	50.23
36.40428	10.45404	16.28505	35.5032	155.00863	8.809074	4.139088	3.143276	0.910189	53.272
31.71096	9.86736	16.31145	35.913	136.30757	7.060122	4.53696	3.051113	0.891395	41.032
31.28292	13.01736	12.18225	28.302	120.06959	8.911215	5.093328	3.058584	0.84625	35.995
43.60284	13.08612	15.80265	26.6637	137.81016	9.152028	4.424496	3.188908	0.907678	58.619
39.00456	9.7722	16.503	23.9418	129.83712	8.972046	5.070288	2.836066	0.874864	46.516
29.52288	12.63156	12.2946	30.2973	156.00943	8.925795	4.917456	3.081834	0.846356	43.754
41.93784	10.91916	16.67475	30.7068	148.07948	7.043112	5.2908	2.742973	0.916562	58.531
40.24152	9.90444	11.90475	33.1647	137.51826	7.135533	4.988112	3.321092	0.89772	46.293
43.53948	12.74784	12.0105	28.0245	151.71016	7.534458	4.767552	3.394655	0.895936	54.222
32.34528	9.65064	17.4609	26.9412	154.21494	7.73145	4.515312	3.489608	0.862386	47.471
37.43496	10.76064	12.38715	28.4871	140.48174	7.378776	5.51136	3.278281	0.87023	45.98
39.03624	13.33452	17.7384	29.3592	143.19502	6.967701	4.695504	3.501698	0.907308	59.455
29.9034	11.157	17.52045	36.4812	140.31494	8.252037	4.56576	3.053934	0.892695	43.245
34.48584	13.90008	17.80455	29.5707	120.48798	7.325235	4.57872	3.311792	0.890118	45.447
34.40664	9.81984	17.27595	30.0066	137.39316	7.125813	5.2692	2.784885	0.882868	47.21
43.46028	11.44764	13.5564	30.2709	151.83526	8.096355	4.120368	3.24198	0.908833	54.633
32.44032	13.49304	15.0429	33.6798	119.02709	7.422597	4.257312	3.384394	0.885031	41.087
33.75648	13.49832	13.34505	35.424	119.65259	8.864964	5.202864	3.342513	0.890309	42.123
31.86972	10.53864	13.2591	25.8972	152.67065	9.037737	4.182336	3.129326	0.839767	42.115
37.02276	10.713	17.9565	32.4642	156.17623	7.933383	5.362896	2.844467	0.907924	56.185
36.97524	9.471	12.46635	34.4067	137.89356	8.436879	5.006832	3.448626	0.890808	42.129
34.94556	11.7384	16.4964	27.5886	123.61826	8.025804	5.52	2.982231	0.875106	44.592
43.06392	9.55032	15.0363	29.2401	152.29535	7.989354	4.969392	2.791395	0.906631	54.059
34.08948	13.29756	17.86395	23.9154	130.58911	8.402859	5.191344	2.768114	0.866174	47.913
36.84816	14.38104	15.9018	32.4246	146.4087	7.040682	4.228464	3.331322	0.903919	52.912
35.40528	14.46036	15.3204	29.7423	137.43486	7.921233	5.463792	3.281071	0.885165	50.337
29.5704	13.18128	15.2412	29.0157	144.61421	8.51229	4.953504	3.55384	0.854998	42.956
31.5684	14.09556	17.29575	34.0896	123.03446	7.364196	5.185584	3.442116	0.893458	45.781
40.6062	12.89052	13.37805	35.3448	120.02789	8.47827	4.838208	2.721583	0.918272	45.193
34.69176	14.09028	14.82495	24.2721	120.82158	8.166906	4.892976	2.802555	0.858819	42.856
36.2142	12.7584	17.83755	33.6666	128.04263	8.239887	4.172256	3.468187	0.911695	48.085
30.5694	14.23836	12.82305	27.6678	129.54522	7.108803	4.486464	2.852837	0.84579	37.721
34.02612	14.11152	17.1372	34.8294	151.08466	8.383338	4.286112	3.378814	0.906133	54.748
28.88856	13.77852	17.0778	33.0852	145.19801	8.312868	4.222704	2.834206	0.876725	47.058
32.10732	13.6464	13.37145	24.3249	130.67251	8.237457	5.426304	3.24663	0.840962	40.698
35.92872	13.58292	13.62255	23.7567	148.49648	7.889562	4.127568	3.158187	0.855998	48.907
37.87884	10.71828	17.9895	35.7543	143.02822	7.164693	5.220192	3.073464	0.925006	53.085
42.20748	13.31868	16.5162	34.1028	125.03745	7.016382	5.28504	2.902189	0.934079	56.081
32.18652	10.6602	12.0369	27.8397	124.66215	7.67556	5.30232	3.506348	0.843778	35.995
41.00256	10.44876	17.49405	25.7916	144.90611	9.225009	4.428816	2.929159	0.89588	54.692
30.7278	14.18544	13.5234	30.5088	129.21162	9.093627	4.831008	3.481207	0.860152	39.568
43.28568	13.17072	11.85855	26.8089	148.74668	8.505	4.457664	3.034373	0.890324	52.942
34.8822	12.75312	15.13545	25.6992	118.2334	7.096653	4.734432	3.130256	0.863588	41.329
42.71508	12.49416	16.97205	27.9585	156.67802	7.473627	4.260192	3.338793	0.912778	64.809
39.21084	9.59784	16.2321	33.6534	148.83008	8.886915	5.077488	2.710392	0.91332	53.319
43.71372	13.60404	14.0916	32.8077	154.92384	7.317945	5.153856	3.346233	0.925544	64.544
42.4296	12.94344	14.17755	27.0996	119.36069	8.48313	4.434576	2.805345	0.897215	48
43.01604	13.287	17.646	29.7555	123.36806	7.891992	4.460544	3.272701	0.925238	56.054
34.59672	9.83568	17.59965	27.9981	147.49429	7.746111	5.488272	3.191698	0.877004	50.718
34.34292	12.61572	17.31555	25.5669	125.74635	8.269047	4.111728	2.792325	0.869783	44.473
35.76996	12.15588	15.68385	23.5983	137.72676	8.738523	4.401456	3.157257	0.860586	47.068
30.03012	13.7256	12.8562	24.0738	144.65591	8.51715	4.33944	2.737393	0.829211	40.621
39.90852	11.56392	15.9084	23.4132	150.66627	7.69014	4.274592	3.050183	0.877251	52.144
38.57652	14.58192	14.7654	30.0726	141.65073	8.458749	4.856928	2.945	0.897741	52.296
37.38744	12.0396	12.0303	29.1477	158.30571	8.310438	4.864128	2.906839	0.873113	51.394
30.87072	9.89376	13.93965	35.1729	128.29283	7.485777	5.354256	3.189838	0.874785	38.037
30.20472	13.14432	18.0093	34.0101	146.78539	9.013356	4.921824	2.864927	0.888891	51.582
40.85964	12.51528	17.87055	26.2542	119.73599	8.084205	5.161104	3.24477	0.902199	53.102
38.6082	11.55336	15.51195	35.5164	152.83745	9.30771	4.633536	2.840747	0.917688	54.666
41.73192	14.53956	15.37995	33.8253	125.32935	8.612001	4.346688	2.826766	0.928122	54.725
40.2732	11.93916	14.62005	31.4997	141.81753	9.212859	4.08864	3.377884	0.905441	50.731
40.87584	14.35464	17.61945	27.2979	150.95956	8.069625	5.427744	3.177748	0.908653	66.627
29.11068	13.85772	13.7349	34.116	141.35883	7.544178	4.293312	2.750444	0.867664	40.983
36.76896	14.2542	12.51255	33.5742	135.89057	7.081992	4.368288	2.883558	0.893472	46.906
34.3908	14.085	15.36	25.3422	122.90797	9.147168	4.34088	3.032513	0.863745	43.632
41.25636	10.95084	11.89155	24.9063	152.75405	8.217936	5.28936	3.223349	0.870575	51.154
40.92336	10.43292	17.89035	31.0371	124.74555	7.529598	4.33512	3.440256	0.918065	49.873
42.87348	10.0788	12.5919	28.2624	134.93008	7.157403	4.376928	2.972001	0.892263	46.181
38.08512	13.5618	13.35825	24.3513	151.20976	6.943401	5.104848	2.837027	0.866171	51.571
28.20672	12.90648	17.79135	32.6625	125.91454	7.626879	4.663776	3.092095	0.873809	40.24
33.5502	9.9942	17.60625	25.7124	142.77802	7.772841	4.598928	2.664791	0.863739	47.091
32.74164	9.82512	12.0633	32.4378	152.04376	7.230384	4.701264	3.335073	0.863549	42.014
31.2354	14.03748	17.0646	34.7502	131.8832	7.094223	4.372608	2.797905	0.893565	46.74
29.44368	13.12308	12.9222	24.0078	153.88134	7.510158	4.54992	2.998072	0.825515	42.426
41.41476	11.17812	13.7811	24.4968	152.62895	7.442037	4.221264	3.464467	0.878067	51.801
41.54148	14.24364	17.6658	29.346	128.37623	8.950095	4.946304	3.412325	0.919209	59.013
35.61156	14.43912	18.0489	34.1292	128.54303	8.568261	4.702704	2.842607	0.914508	50.436
35.67492	11.4582	18.16125	24.5892	131.25631	7.254765	5.146656	3.294091	0.873156	47.629
35.43696	12.65268	14.55405	32.1207	135.09688	7.113663	5.51856	3.048323	0.888205	47.619
29.04732	10.9614	16.8201	25.5141	153.79794	8.449029	4.980912	2.708532	0.842092	44.055
37.65708	10.36944	12.78345	23.7171	147.53599	7.349616	4.258752	2.895648	0.853491	45.926
30.18888	11.8494	16.5228	25.2498	127.45883	6.987141	5.29368	2.980371	0.846192	38.862
42.74676	10.64964	12.80325	34.6047	141.40053	8.48556	4.395696	3.503558	0.918908	50.141
37.73628	11.72784	16.7541	34.869	120.73818	8.930655	5.341248	2.966421	0.916884	46.442
30.52188	11.69604	16.8135	33.4023	156.42782	9.135018	4.30632	2.785815	0.880626	47.754
31.12416	11.61156	15.2676	35.8467	123.32636	8.565831	4.188096	3.352743	0.886332	37.803
30.55356	13.45608	11.82555	24.9591	127.54223	7.838532	5.05584	2.807236	0.829789	36.77
33.69312	13.23936	15.20805	36.534	144.07211	8.132805	5.352816	3.171207	0.901967	50.871
33.10632	13.21296	14.58705	36.4413	148.37138	7.047972	4.78056	2.896578	0.896439	49.688
34.0578	10.68132	12.42015	34.5651	118.94369	8.792064	4.379808	2.888208	0.880328	35.595
31.04496	10.42764	13.563	33.138	136.14077	9.166608	4.225584	2.705742	0.866304	38.991
33.66144	14.1432	15.5319	31.3545	155.21713	9.159318	4.534032	2.868678	0.884288	53.617
33.32844	9.87264	12.8826	26.6109	142.27623	8.592561	4.264512	2.666651	0.846152	39.533
34.86636	12.06084	18.14805	23.9022	144.94781	8.855244	4.685424	2.786745	0.868166	51.227
35.72244	13.16016	15.71025	30.6144	119.98619	8.397999	4.669536	2.64523	0.88923	43.734
36.59472	13.47192	14.85795	32.7945	128.00093	8.337168	5.51568	2.901259	0.898348	47.362
34.56504	10.1052	13.89345	24.4437	151.79356	8.390709	4.438896	3.531489	0.847485	43.591
39.79764	9.93612	17.26275	25.818	147.20239	7.203654	4.270272	3.389974	0.889097	51.553
40.65372	12.4836	15.18825	29.9142	120.44628	7.575849	5.50704	3.230789	0.904071	46.913
39.38508	14.32284	13.06095	31.6449	157.05332	8.407719	4.32072	2.878908	0.899513	54.762
43.87248	14.04804	16.71435	26.2674	135.34708	8.259327	4.970832	3.028793	0.913051	60.84
33.9624	14.27004	11.89815	28.725	149.03858	9.164178	4.513872	2.881698	0.860314	47.236
32.12316	9.61896	14.0322	33.7326	151.66846	8.599851	5.433504	3.288511	0.874294	44.213
42.49296	11.19396	13.58955	31.1826	158.22231	9.125298	5.0184	2.994352	0.908128	56.203
32.0598	11.046	13.1997	32.8209	118.7338	7.6707	4.56864	2.669441	0.8686	35.219
35.4528	12.08724	13.4772	31.6848	119.27729	9.105777	5.182704	2.743934	0.881117	41.857
43.85664	11.6802	16.02735	30.1122	133.13559	7.969833	4.963584	3.225209	0.920713	56.965
41.52564	12.29328	12.47295	34.3803	126.33154	8.833374	4.193856	3.113485	0.913627	45.79
43.88832	10.20564	16.91925	27.2187	149.58207	8.157186	4.649376	3.156327	0.91094	61.078
32.50368	12.86412	17.7252	23.7699	121.99057	7.381206	4.659456	2.789535	0.857438	43.202
36.7848	11.63268	14.51445	28.5135	156.96992	7.130673	4.131888	3.107905	0.877948	51.703
36.72144	9.79344	15.07605	33.9177	126.03964	7.802001	5.166864	3.5557	0.899172	44.522
35.75412	11.55864	12.20205	25.7256	143.77882	9.066897	4.973712	2.713213	0.852786	44.171
33.3918	11.65908	13.8735	30.9315	128.79462	8.230167	5.51712	3.24849	0.87043	40.663
34.12116	13.22352	17.82435	23.5056	143.15332	7.760691	4.381248	2.981301	0.864471	50.391
41.89032	14.49204	14.77875	27.6942	139.47955	7.432317	4.768992	3.474697	0.902669	58.375
43.49196	10.58088	13.5696	27.9717	158.34741	7.456617	4.388448	2.885418	0.898607	54.461
39.57552	13.59348	12.5655	32.6229	156.21793	8.054964	5.440704	3.035303	0.900791	55.531
32.40864	11.8176	16.4568	33.7062	135.05518	7.887132	4.436016	2.63686	0.888499	45.376
37.49832	10.35888	16.42365	35.6487	126.54004	9.271179	4.748832	3.324812	0.915894	46.668
43.90416	13.41912	16.2255	30.456	148.53818	7.743681	5.081808	2.714143	0.925922	64.537
34.51752	11.27328	17.679	28.8306	143.86222	9.220149	5.2764	2.726233	0.882435	50.961
30.04596	11.61684	16.5426	34.4727	129.08652	7.461477	4.881456	3.56221	0.881643	39.848
43.38108	10.84512	14.118	32.451	120.69648	8.54145	4.901616	3.450486	0.91873	46.615
28.60308	12.08196	12.6249	26.7165	131.4245	8.53173	4.897296	3.434676	0.829004	37.098
33.20136	9.37584	16.06035	31.5789	125.16255	7.960113	4.712784	2.818396	0.878408	38.595
35.0406	13.68336	16.01415	24.5628	146.70199	7.471197	5.201424	3.508208	0.865558	51.743
28.413	10.97724	17.7186	28.0644	123.99356	7.741251	4.905936	3.349953	0.853241	37.544
33.43932	9.96252	18.0621	26.9676	126.16474	8.415009	5.383056	3.283861	0.87013	44.398
40.06692	14.3334	12.3672	30.0198	145.4079	8.006364	5.342688	3.467257	0.893234	52.567
29.38032	9.48156	17.30235	33.561	132.6338	8.821224	4.394256	3.315512	0.875671	39.653
42.3504	10.7394	12.38055	29.1213	148.66328	8.410149	5.417664	2.813746	0.893527	51.687
36.0396	12.6474	17.124	36.5472	122.99137	7.578279	4.738752	3.021322	0.919251	46.507
30.83904	10.50168	11.9841	36.4281	137.05956	8.553681	5.221632	3.147027	0.872184	39.307
36.02376	9.50268	12.10965	29.9406	138.93745	8.772543	4.366848	3.271771	0.867143	39.73
36.65808	10.602	16.8267	35.8335	142.23453	8.716653	5.51424	3.027863	0.915082	51.858
37.84716	10.03128	12.70425	35.5563	132.88539	7.116093	4.32648	3.138626	0.900846	43.546
31.09248	14.34936	18.11505	27.5358	128.75292	8.205786	4.650816	2.93756	0.870162	46.763
37.18116	11.4054	12.10305	31.2882	133.17729	7.045542	4.493712	2.702022	0.880033	43.263
36.2934	14.06916	13.99905	25.329	159.5164	8.334738	4.676736	2.894718	0.86596	53.729
40.82796	14.21712	13.1271	27.126	138.68725	7.451757	4.195296	2.823046	0.888489	49.402
42.57216	11.23632	16.89285	30.9447	129.16992	9.096057	4.206864	3.016672	0.92158	54.214
28.92024	13.2024	13.2327	27.5226	121.78207	8.753103	4.29912	3.190768	0.838029	35.447
39.46464	13.3662	13.8537	26.4786	122.69947	7.237674	4.662336	2.678741	0.881699	44.135
35.65908	12.49944	12.14925	27.4962	141.19203	7.493148	4.477824	3.537999	0.860642	45.02
32.91588	9.37056	14.79855	31.7508	143.65372	7.879842	4.509552	3.539859	0.872541	41.789
30.79152	9.68244	15.5979	28.7514	127.62563	7.142823	4.358208	3.463537	0.855195	37.144
34.91388	11.25216	15.6507	30.3633	118.15	7.755831	4.679616	3.426306	0.881557	41.605
42.98436	12.19824	14.19075	25.9767	143.11162	7.225524	4.666656	2.701092	0.893968	54.637
40.47912	10.02072	15.74325	32.4114	135.47218	7.590429	5.50848	3.203788	0.912088	50.086
41.44644	9.75108	15.69705	24.0606	137.01786	7.495578	4.495152	2.790465	0.882232	47.98
29.412	10.48044	16.29165	30.1653	155.88433	7.390926	4.392816	2.736463	0.859054	44.106
43.0002	10.09992	13.96605	35.2524	143.06992	8.51958	5.002512	3.063234	0.926881	52.085
43.55532	11.12004	15.3666	27.6282	122.44927	7.269345	4.451904	3.089305	0.905968	49.922
42.60384	10.34832	13.53	29.0025	127.41713	8.636382	4.186656	3.359253	0.898436	45.323
43.5078	13.59876	16.2387	33.5214	126.41494	8.47098	5.473872	3.287581	0.936565	58.482
28.11168	10.20036	14.0586	31.077	134.09469	8.317728	5.142336	2.964561	0.847357	37.956
42.8418	13.13364	13.07415	26.439	137.14296	7.262055	4.157856	3.336003	0.89212	51.385
40.3524	11.96568	18.2274	28.6854	142.69462	9.020646	4.82088	3.2457	0.910024	60.261
37.7046	14.418	15.44595	28.2492	154.59024	7.050402	4.384128	2.926369	0.889699	54.665
28.4922	12.68448	17.4279	25.0383	147.28579	8.329878	4.763232	3.25872	0.843582	44.179
38.05344	10.50696	17.3553	33.627	144.73931	7.291215	4.934784	3.55198	0.914171	52.535
38.02176	9.99948	16.2585	34.0632	145.03121	8.53659	4.169376	2.688072	0.910533	50.719
31.36212	11.34732	15.2346	30.4824	118.3168	8.614431	4.276032	2.890998	0.86535	35.869
33.42348	10.02072	13.70835	35.0673	157.97211	9.098487	4.761792	3.042743	0.884342	45.853
40.0986	9.69828	15.69045	26.6769	152.08546	8.356608	4.134768	2.770904	0.886764	51.754
30.01428	14.10096	16.89945	26.9544	141.69243	8.687412	5.458032	3.279211	0.857766	49.266
34.18452	12.05544	14.56725	23.4	149.79057	7.945533	5.110608	3.118166	0.848188	48.742
32.69412	10.34304	15.8754	25.7388	120.65478	8.989056	4.31496	3.418835	0.85342	37.328
35.86536	12.10836	18.22065	26.5314	129.29502	8.003934	4.412976	3.457957	0.882846	47.368
40.36824	9.4974	14.085	25.6197	128.12603	7.189074	4.512432	3.403025	0.876601	43.828
31.29876	11.9604	16.59555	25.1442	129.62862	7.035822	4.57296	3.524049	0.851001	41.832
40.4316	12.28272	15.45255	35.49	156.59462	8.188776	4.234224	3.405815	0.926044	57.017
43.69788	10.94556	16.62855	32.3058	154.04814	7.206084	5.05872	3.210329	0.930269	64.169
39.17916	14.4762	12.8628	34.8558	150.70797	7.624449	4.868448	2.787675	0.910548	53.832
41.57316	10.7712	18.0423	26.0691	125.57955	7.911513	4.244304	2.94128	0.90223	51.822
42.04908	9.76164	13.62915	24.8139	128.96142	7.821522	5.29512	3.348093	0.879002	45.705
41.30388	14.29116	13.31865	32.6361	153.33785	8.5293	4.31064	3.419765	0.912524	57.507
31.99644	10.24788	12.49935	33.4419	131.04781	9.079047	5.483952	2.783955	0.866833	38.442
30.74364	11.268	17.3487	30.72	146.2419	8.249607	4.09008	3.180538	0.872518	45.519
41.3514	14.04276	15.50535	34.9086	150.87616	8.745813	4.56288	2.662001	0.930472	63.013
28.50804	10.7976	12.79665	30.1521	127.12384	9.198279	4.55424	3.134906	0.8408	35.575
38.25936	14.62416	16.1397	32.0547	127.91753	8.033094	4.590288	3.530559	0.909903	51.77
30.58524	13.57764	17.4213	35.6619	129.58692	7.855542	5.364336	2.991562	0.895208	47.165
41.55732	12.62628	17.712	33.7857	125.83114	8.018514	4.375488	2.754164	0.934089	55.426
28.79352	12.11892	13.7415	29.2005	134.22118	8.186346	4.29624	2.655491	0.844271	38.024
38.63988	12.91704	14.52765	30.4425	155.38393	7.476057	4.58016	3.56035	0.89551	54.363
42.19164	11.00376	16.7277	26.307	137.97696	7.403076	5.446464	3.433746	0.900588	56.554
33.18552	12.0978	15.3072	23.5452	159.3913	8.767683	4.56	3.24291	0.84772	50.636
40.63788	9.87792	14.54745	33.9837	148.87178	9.027936	5.406144	3.420695	0.913902	53.539
39.861	9.84624	12.18885	29.4516	146.2836	7.622019	4.482144	3.532419	0.882227	47.686
35.99208	11.89692	17.02485	24.8799	138.89575	7.062552	5.003952	2.674091	0.871591	48.78
30.1572	10.91388	17.9301	27.7206	152.42045	9.110637	4.54272	3.039023	0.860077	46.469
35.08812	12.31452	13.7481	28.6059	156.38612	7.605009	5.347008	2.665721	0.868985	51.466
37.41912	10.76592	15.294	31.3677	132.96879	9.217719	4.621968	2.662931	0.893983	46.808
32.2344	14.07444	12.22185	35.7675	149.24708	8.463609	4.529712	2.912419	0.881334	44.589
33.8832	12.65796	13.7547	27.1128	121.32198	9.064467	5.360016	3.471907	0.858724	41.314
40.14648	13.55652	11.9445	26.6505	128.71122	7.293645	5.396016	3.201928	0.877511	46.144
33.37596	9.9678	13.59615	35.8866	132.3836	8.50014	4.877136	2.671301	0.886948	39.477
37.32408	13.96872	17.9961	30.2841	157.76222	9.008496	5.03712	3.109765	0.905827	63.303
36.08712	10.2162	16.95225	33.0984	118.6087	7.444467	5.316768	2.977581	0.901621	43.529
37.67292	12.33564	12.19545	36.2433	124.53705	7.72416	4.407216	2.9543	0.903634	43.29
38.62404	14.28588	13.4706	35.0145	123.82676	7.342326	5.234592	2.751374	0.911086	46.287
29.14236	11.05656	13.29225	34.0764	152.37875	8.940375	5.325408	2.854697	0.861692	43.286
35.51652	14.19072	16.61535	23.7435	146.4921	8.580411	4.941984	3.119096	0.868191	52.715
43.8408	10.36416	17.01825	33.5478	127.70903	7.145253	5.05296	2.95523	0.936777	55.237
31.44132	12.3726	11.7132	33.006	137.35146	8.587701	4.774752	3.295021	0.8623	39.802
36.99108	12.94872	17.4147	33.9309	140.56514	8.896635	4.214064	2.734603	0.914529	51.943
36.19836	10.18452	17.51385	24.8403	121.07178	7.286355	4.461984	3.292231	0.87144	42.65
35.15184	13.08084	12.2352	33.6402	140.73194	8.789634	4.143408	3.470047	0.883826	46.268
37.863	9.67188	17.57985	25.9368	154.67364	8.604711	4.993872	2.880768	0.882314	53.775
36.5472	14.35992	16.5492	34.2612	139.14595	6.994431	4.986672	3.132116	0.912502	52.338
31.83768	14.196	12.12945	34.4463	155.13373	7.797141	5.071728	3.233579	0.874258	45.906
37.07028	12.57348	14.9967	29.0289	141.73413	9.023076	5.434944	3.505418	0.884763	50.867
29.50704	12.13476	16.4898	34.1688	147.16069	7.159833	4.224144	2.975721	0.878635	43.374
37.10196	10.41708	18.21405	23.9286	140.18984	8.174196	4.619088	3.127466	0.875062	49.586
39.09996	10.23732	14.1114	29.9274	157.63712	7.310655	5.472432	2.968281	0.889593	53.611
34.45416	11.91804	11.7528	33.7725	157.80531	8.47341	4.459104	3.226139	0.877635	45.455
38.2752	12.9804	17.4081	35.3844	143.69542	7.376346	5.2836	2.697372	0.925764	56.465
41.05008	14.48148	15.8622	35.5695	145.4496	8.225307	4.30488	3.117236	0.934002	62.055
38.33856	12.5946	17.28915	26.1747	126.58174	7.079562	4.123248	3.155397	0.888887	47.003
37.83132	12.44136	16.11315	36.1773	155.92603	7.249905	5.171184	3.362973	0.920794	56.68
37.21284	12.38316	13.01475	25.6461	150.54117	8.801784	4.147728	2.800695	0.863586	49.252
36.67392	13.1496	15.22125	29.0817	159.7666	8.342028	4.237104	3.221489	0.885227	54.686
30.53772	11.63796	14.28315	28.2888	139.89794	8.818794	5.421984	2.675021	0.84961	41.166
43.63452	13.07556	12.2418	30.4161	124.99575	7.70229	4.420176	3.044603	0.907155	48.06
40.74876	13.2606	18.16785	33.3495	152.50385	7.872552	4.508112	2.660141	0.931836	65.648
35.48484	14.15376	14.7258	36.3489	131.9666	8.154756	4.82376	2.873328	0.908147	48.014
37.35576	9.50796	16.1925	26.1615	125.62125	7.339896	5.397456	3.131186	0.874936	44.404
33.97824	12.67392	11.7066	28.1304	141.44223	7.583139	4.169376	2.95709	0.854394	40.519
29.77668	9.70884	17.3619	29.5044	142.15113	7.874982	4.730112	3.077184	0.861435	41.671
40.03524	11.64324	14.80515	25.6065	158.76441	8.074485	4.826688	3.371374	0.881658	55.099
32.86836	10.06296	12.51915	27.3903	134.26288	7.587999	4.137648	3.435606	0.84604	37.365
38.71944	10.40124	14.4351	24.2061	139.73114	8.062335	5.117856	2.635	0.866952	47.569
41.1768	12.7056	17.0382	24.708	140.77364	8.120655	4.848288	3.465397	0.894498	58.931
40.66956	11.6538	15.2742	23.8626	140.94044	6.992001	4.79496	3.322022	0.879667	49.99
40.55868	11.58516	15.51855	36.3621	136.26587	8.380908	5.208672	3.410465	0.929438	51.657
28.31796	12.30924	15.16845	29.1609	159.2662	8.638812	4.33368	3.090235	0.848461	44.809
43.15896	13.62528	14.4087	24.8271	122.40757	7.619589	4.627728	3.198208	0.89403	51.419
31.93308	9.62952	16.34445	28.8042	144.82271	6.940971	5.02848	3.431886	0.86334	42.669
34.9614	12.5418	13.1337	25.5009	157.13672	8.847954	5.429184	2.965491	0.854287	50.965
37.24452	12.4308	12.97515	24.7212	121.44708	7.617159	5.001072	3.466327	0.860125	42.113
29.60208	11.4636	13.5432	35.0409	118.6504	8.667972	5.073168	3.018532	0.869127	35.792
29.68128	13.11252	14.6928	32.5965	140.69024	8.619291	4.08	3.222419	0.866988	41.223
39.95604	9.89904	18.0027	27.3771	151.37656	7.232814	4.670976	2.882628	0.899043	54.071
36.32508	11.80176	17.92335	24.3909	153.92304	7.335036	4.760352	3.333213	0.874769	54.163
33.51852	13.32924	12.8364	29.8347	131.633	7.118523	5.368656	3.477487	0.864964	42.62
30.9024	11.06184	13.41765	34.4991	125.87284	6.933681	4.211184	3.369514	0.871397	36.595
29.93508	9.582	15.6243	32.6097	120.90498	8.349318	4.967904	3.309002	0.867151	36.425
37.22868	14.2278	16.4766	31.7244	120.40458	7.189074	4.689744	2.794185	0.904993	46.114
37.6254	13.12836	17.20995	27.747	155.75923	7.410366	5.419104	2.723443	0.892519	57.125
28.17504	12.54708	15.8424	30.4956	132.80199	8.796924	4.708464	3.068814	0.856323	39.522
38.51316	9.79872	17.89695	33.7593	125.53785	8.551251	5.371536	3.316442	0.918087	47.829
30.22056	13.60932	17.0316	26.862	129.71202	7.162263	5.334048	3.396515	0.857898	45.136
39.55968	9.47628	13.4508	27.0732	146.91049	9.156888	5.27784	3.336933	0.876251	49.499
37.57752	10.12632	13.32525	30.654	118.8172	7.271775	5.322528	3.218699	0.882576	40.953
36.34092	10.9932	11.81235	27.8265	123.78506	8.877195	4.532592	3.008302	0.860898	37.95
42.85764	11.59572	16.90605	32.0019	127.66733	9.27855	5.184144	3.343443	0.927579	56.371
39.48048	11.38956	11.9379	31.1958	131.9249	7.68042	4.0944	3.327602	0.88869	44.36
36.05544	14.56068	14.50785	25.0914	138.60385	7.551468	4.741632	3.040883	0.867261	48.573
31.7268	12.18768	12.13605	32.7021	122.11567	8.042814	4.183776	3.24942	0.863821	35.732
32.5512	9.71412	13.08075	28.3683	130.38061	9.006066	4.931904	2.689002	0.850489	37.455
41.0976	10.51224	13.1799	33.6006	130.75591	6.972561	5.404704	2.897508	0.909275	46.899
40.79628	12.59988	17.24295	23.6775	153.42125	8.777403	5.241792	2.871468	0.889674	63.101
43.4286	12.42024	16.64835	33.4818	151.00126	9.161748	5.155296	3.227069	0.936001	65.803
39.13164	12.5364	13.4376	27.1392	159.05631	7.383636	5.398896	3.24105	0.879515	54.888
37.54584	12.43608	12.14265	31.8564	127.75073	8.359038	5.112096	3.55849	0.885544	44.664
39.6072	12.97512	17.1174	35.6091	120.61308	8.633952	4.832448	3.386254	0.931065	52.153
40.6854	12.09252	14.92395	28.0377	123.07616	8.913645	5.478192	3.151677	0.895114	46.712
38.46564	9.51324	14.48145	29.8614	126.79024	8.743383	4.156416	2.927299	0.887244	43.259
34.35876	12.72672	15.14865	36.3225	153.37955	8.376048	4.267392	2.909629	0.902962	52.094
40.98672	14.00052	14.6862	23.4924	138.85405	8.48799	4.454784	2.875188	0.881875	54.25
32.53536	10.13688	15.0231	25.2102	120.36288	9.178758	4.611888	2.921719	0.846729	35.985
36.30924	10.06824	16.70115	26.1483	155.05033	8.629092	4.180896	3.232649	0.873436	51.75
28.36548	13.90536	15.12885	27.5094	122.24077	7.407936	4.528272	3.310862	0.844983	36.51
28.63512	10.42236	13.10055	26.7033	139.52125	7.077132	4.841088	3.361113	0.828375	37.858
29.18988	13.52484	15.47895	26.7165	125.49615	8.47584	5.479632	2.845397	0.846234	38.581
28.44468	10.5492	15.15525	30.588	147.82789	9.183618	4.923264	3.139556	0.851925	42.307
36.00792	13.5882	13.31205	24.9459	156.34303	7.150113	4.709904	3.341583	0.859431	51.621
29.09484	9.92028	14.3691	36.045	144.69761	8.444169	4.728672	3.291301	0.872669	41.343
42.33456	9.97836	16.04715	24.6156	150.20757	7.327665	5.246112	3.037163	0.890023	54.667
42.61968	11.14116	14.3493	25.5801	134.47138	8.286057	4.09152	2.95244	0.889714	48.04
35.3736	10.65492	17.57325	36.0714	156.63632	7.799571	4.614768	3.238229	0.913832	54.751
38.16432	12.288	13.97265	34.8162	125.41275	8.210646	4.446144	3.504488	0.907469	45.457
29.76084	10.87164	17.55345	33.2571	128.16773	8.344458	5.492592	3.196348	0.878833	40.227
36.26172	14.529	12.3474	30.522	125.45445	8.327448	5.336928	3.215909	0.879297	44.841
42.73092	14.1168	15.9216	35.8203	138.18546	7.527168	4.727184	2.769044	0.941792	60.83
38.76696	11.89164	14.6532	33.2703	127.50053	8.451459	4.09872	2.709462	0.906171	45.726
33.48684	10.6866	14.26335	35.8998	118.90199	7.7193	4.623408	3.148887	0.891142	36.97
34.99308	12.20352	17.9763	33.8385	142.06773	9.181188	4.496592	3.441186	0.906974	52.086
39.87684	13.88424	11.77935	32.517	147.36919	8.874765	4.828128	3.146066	0.898801	52.191
39.05208	9.36	14.31615	27.483	145.5747	7.901793	4.400016	3.161907	0.879249	48.266
38.18016	12.83772	12.6513	26.373	158.09721	7.373916	4.374048	2.775585	0.86976	51.951
43.6662	10.79232	13.8075	24.1797	142.19283	8.011224	4.80792	3.072534	0.885825	50.95
39.84516	12.9276	12.98835	24.5496	142.65292	7.176924	5.212992	3.535209	0.871523	49.933
28.14336	13.8684	13.60935	26.5182	145.95	8.835804	5.384496	3.020392	0.833791	42.054
34.85052	12.2088	15.5517	34.314	145.23971	8.235027	4.753152	3.510068	0.897996	50.567
37.53	12.99624	17.77815	28.5795	136.47437	7.994214	4.686864	2.661071	0.897489	51.515
33.02712	13.66224	12.73065	35.2125	151.33486	9.030366	5.351328	3.103255	0.884025	48.319
34.42248	12.621	15.47235	36.4944	139.85624	7.68285	4.163616	3.26151	0.905146	48.381
42.28668	11.12532	15.0231	34.6179	157.47032	7.996644	5.29944	2.824906	0.927027	58.88
34.83468	11.70672	18.12825	32.4774	135.55697	7.018812	4.636416	3.207508	0.900804	49.037
37.3716	10.49628	14.3823	24.4836	159.01461	8.008794	4.751712	2.841677	0.862254	51.723
38.3706	9.9414	16.4304	34.5783	156.46952	7.884702	5.409024	3.313652	0.914769	56.1
42.7626	11.04072	14.91075	30.2313	145.07291	6.926391	4.470624	3.404885	0.910859	53.97
41.82696	11.11476	11.79255	31.0107	139.64635	8.247177	4.653696	3.062304	0.896887	48.101
30.06216	10.3008	15.79605	27.8529	128.62782	7.300935	4.31928	2.681562	0.850224	37.177
34.61256	14.37576	13.11375	26.6901	145.6581	7.865262	5.449392	2.93291	0.860767	49.297
38.67156	9.49212	14.00565	24.3777	125.78805	8.626662	4.672416	3.422555	0.864141	42.592
33.0588	12.29856	14.739	28.5267	128.25113	8.169336	4.104528	3.491468	0.864247	41.615
35.94456	14.0058	14.54085	33.0456	119.69429	7.086852	5.101968	3.204718	0.896101	44.061
36.9594	10.26912	11.92455	31.2222	151.58506	7.585569	4.235664	2.971071	0.876494	44.488
42.36624	13.4772	15.21465	31.5261	155.50903	9.234729	4.503792	3.084655	0.919377	64.057
35.07228	12.78492	17.91015	31.0239	124.62045	7.011522	5.312448	3.082764	0.896783	47.122
41.85864	14.5554	11.9973	26.9148	132.1751	8.152326	4.8108	3.26337	0.887953	48.933
39.7818	14.50788	14.83155	32.9928	151.50166	8.899065	5.401824	3.329462	0.914239	60.229
35.12016	10.62852	14.61345	35.0937	147.11899	6.89715	5.26344	2.899399	0.896207	48.967
33.56604	12.88524	15.5451	23.8491	144.44741	8.108505	4.521072	3.56128	0.853038	48.221
43.07976	10.81344	12.354	27.7074	130.21381	7.651179	5.05152	2.741113	0.891014	45.996
30.26808	12.73728	17.1438	30.8259	134.13778	7.320375	4.116048	3.387184	0.872315	44.357
39.29004	13.40328	12.43335	25.3026	145.533	8.130375	4.81944	2.63593	0.870581	49.82
35.97624	10.63908	15.49215	29.9802	143.57032	6.989571	4.624848	2.668511	0.882976	48.218
31.34628	11.34204	15.5649	23.6115	149.45697	7.427457	4.201104	2.798835	0.839841	42.384
30.8232	14.40744	17.59305	25.4745	136.72457	7.541748	4.456224	3.389044	0.859245	47.94
31.60008	10.60728	14.21715	31.0638	125.12085	7.089363	5.400384	2.762534	0.863312	37.435
38.6874	13.29228	13.2657	25.6329	150.45777	9.205569	4.254432	3.314582	0.872577	51.461
29.99844	13.509	15.19485	36.1374	126.74854	8.079345	4.80504	3.296881	0.885065	39.942
31.63176	9.93084	16.99845	24.642	123.70166	7.923663	4.874256	2.94035	0.848712	37.629
28.09584	12.9012	15.3732	31.0902	136.97616	7.780131	5.225952	3.214049	0.856901	40.734
38.7036	11.88636	17.6394	30.6012	139.56295	8.089065	4.291872	3.093025	0.907951	51.993
42.55632	12.22464	14.4417	24.7344	154.08984	7.848252	5.28648	2.815606	0.888521	58.539
28.73016	12.14004	14.3559	27.8925	133.38579	7.352046	4.09584	3.038093	0.841538	37.712
43.12728	10.52808	15.67725	26.2275	118.1917	8.203356	5.015472	3.012952	0.899025	47.851
36.64224	10.0524	13.7283	29.8215	134.76328	8.037954	5.50992	2.837957	0.876872	44.804
33.34428	13.78908	14.30295	24.1929	147.66109	9.30042	4.898736	2.833276	0.849966	48.913
28.46052	9.97308	13.06755	28.0512	154.17324	7.853112	5.26056	3.285721	0.832184	41.309
36.57888	13.63584	15.0033	30.4293	141.52563	7.215804	4.882896	2.704812	0.889956	50.046
33.86736	9.85152	15.75645	24.7875	126.66514	7.66584	4.990992	3.515648	0.853372	40.217
28.68264	9.90972	15.18165	35.8602	126.12304	8.677692	4.522512	2.94686	0.873599	37.079
37.4508	10.6866	17.54685	34.6311	128.20943	7.227954	4.744512	2.685282	0.91672	47.093
30.2364	9.38112	14.1312	27.681	143.52862	7.69743	4.707024	2.809096	0.841916	39.607
34.26372	14.46564	16.1859	27.615	148.45478	8.106075	4.3092	2.684352	0.875954	51.861
35.5482	13.07028	12.98175	24.6024	129.04482	8.665542	5.452272	2.772764	0.853759	44.182
37.48248	11.78592	16.07355	29.7291	150.41607	9.086337	4.08576	2.94593	0.892538	52.162
30.36312	11.22048	13.2195	34.8822	124.11866	8.303148	5.04864	3.520329	0.870023	37.067
34.53336	13.34508	17.81115	36.2301	145.6164	7.811721	4.692624	2.920789	0.915508	53.763
39.32172	14.6136	16.2189	33.3231	158.84781	7.782561	4.7964	2.95895	0.919633	65.27
38.43396	9.56616	15.6375	23.6379	144.19721	8.200926	5.02128	3.372304	0.867253	49.293
29.3166	12.58404	16.32465	25.3158	121.82377	8.728803	4.678176	2.773694	0.843261	36.946
40.78044	10.51752	12.876	35.1465	130.33891	8.648532	5.309568	2.712252	0.912916	46.782
43.61868	11.52696	16.31805	26.3994	136.22417	7.957683	4.178016	3.376954	0.906133	56.247
37.64124	9.8832	14.673	25.0251	152.71235	8.412579	5.476752	3.003652	0.865763	51.055
33.09048	14.27532	12.10965	29.4912	148.62158	7.71444	4.652256	2.692722	0.86044	45.515
37.72044	14.5026	13.70175	29.7159	145.8249	6.955551	5.140896	3.174927	0.888096	51.736
37.95804	10.72884	15.38655	26.8752	121.36368	8.045244	4.57584	2.672231	0.878744	42.837
39.54384	11.50056	17.4411	24.3381	154.00644	8.220366	5.372976	3.298741	0.885617	57.332
29.63376	12.87468	15.6177	25.0518	129.87882	9.042597	4.480704	3.496118	0.841165	38.728
36.80064	9.39696	17.3289	30.1386	133.34409	8.432019	5.375856	2.870538	0.893229	47.829
33.91488	9.77748	13.94625	23.9682	131.33971	8.320158	4.239984	3.095815	0.84256	37.575
38.87784	11.7912	14.9703	36.468	141.10863	8.193636	4.732992	2.692722	0.920683	51.039
43.77744	11.33136	15.39315	31.2618	134.01129	7.789851	4.691184	2.711322	0.921733	55.386
39.25836	14.60832	17.79795	29.7819	134.97178	7.519878	5.217312	2.847257	0.912429	59.905
39.49632	9.44988	14.28975	30.6672	124.49535	7.857972	4.699824	3.128396	0.89398	43.54
32.75748	12.12948	16.94565	26.3334	159.09801	8.556111	5.374416	3.041813	0.86354	53.793
30.12552	13.30812	12.5259	36.2037	136.18247	7.361766	4.437456	3.202858	0.874256	39.905
32.45616	10.89276	16.7937	34.3671	159.13971	8.979336	5.143776	2.860277	0.891545	52.267
32.82084	12.399	12.909	28.0113	123.11786	6.979851	4.255872	3.391834	0.853649	36.244
28.98396	11.74368	12.42675	33.3759	147.07729	7.68528	5.439264	3.187048	0.855471	41.574
29.45952	10.17924	15.6309	34.7238	146.99389	8.215506	4.108848	2.817466	0.874476	42.163
36.1188	11.71728	18.2538	29.3724	129.25332	9.040167	4.617648	2.889138	0.894488	47.893
39.73392	9.92556	12.16245	34.5387	145.9083	7.68771	5.145216	2.766254	0.902276	48.807
43.26984	10.00476	16.96545	35.5296	127.37543	7.926093	4.849728	3.368584	0.94176	54.394
33.04296	11.69076	13.7877	26.2407	131.5496	9.176328	4.09296	2.898438	0.850237	38.763
42.0966	12.2616	12.2286	24.3645	130.50571	8.765253	4.855488	2.887278	0.875857	46.179
39.6864	12.02904	15.42615	31.9224	159.5998	8.53902	5.230272	3.55012	0.908182	57.653
30.45852	10.95612	13.30545	23.7303	122.15737	7.641459	4.591728	3.363934	0.826257	34.665
33.12216	13.93704	12.08985	26.4258	137.10126	8.563401	4.294752	3.445836	0.848244	41.42
43.68204	10.491	15.0099	29.0421	155.34223	8.227737	5.365776	3.25314	0.909643	59.889
29.84004	13.55124	17.9697	27.5622	152.21195	7.454187	5.305248	3.277351	0.862808	52.397
43.92	13.24464	14.6664	29.412	148.32968	8.46855	4.911696	3.356463	0.915036	62.314
30.09384	13.37676	14.0982	35.1993	144.11381	6.931251	5.168304	3.325742	0.876901	43.078
39.528	14.17488	15.0561	34.3539	126.70684	9.232299	5.068848	3.099535	0.918871	50.862
39.82932	12.01848	15.78285	26.994	158.88951	6.999291	4.833888	2.919859	0.890947	55.716
35.469	10.77648	14.01225	23.4396	126.99874	7.928523	5.109168	3.060444	0.849057	41.568
40.194	13.96344	14.3889	23.8095	124.20206	8.823654	5.011152	3.144206	0.878331	47.43
28.9998	14.43384	15.20145	25.8708	127.79243	8.976906	4.954944	3.154467	0.842896	39.419
30.91824	13.76268	12.9288	33.9045	138.22716	8.142606	5.335488	3.516578	0.870927	41.868
41.33556	9.74052	16.69455	35.4636	148.28798	7.65855	4.757472	2.856557	0.931841	54.389
33.67728	10.75536	11.7198	27.3375	124.16036	7.70958	5.169744	2.707602	0.846915	35.876
30.88656	14.61888	13.1931	32.7417	136.05737	7.532028	5.005392	2.992492	0.868801	41.627
35.05644	12.0132	16.2453	32.9136	139.35445	9.315	4.976592	3.098605	0.895943	49.66
31.21956	13.91592	11.7396	27.2319	127.04044	7.600149	4.842528	3.290371	0.841685	37.227
32.2182	13.70976	15.10245	36.2961	154.25664	8.49771	4.975152	2.724373	0.895012	52.28
41.39892	14.307	12.41355	34.4595	134.55478	8.49528	5.28216	2.821186	0.916227	50.777
38.21184	14.34408	16.03395	25.9104	131.5079	7.943103	4.175136	3.339723	0.88544	49.808
41.95404	11.19924	14.9769	32.5038	119.23559	8.020944	5.28792	2.816536	0.917016	46.05
28.39716	11.45292	16.57575	26.0295	138.26886	8.254467	5.430624	3.150747	0.841134	40.897
41.81112	12.64212	17.6988	28.4475	159.1828	8.137665	4.81512	3.031583	0.914176	67.225
40.32072	13.68864	18.08205	29.7027	140.89874	8.782263	5.367216	2.810026	0.916159	62.704
32.78916	13.74156	16.7739	33.8913	151.96036	9.115578	5.162544	3.462607	0.895074	54.611
28.58724	10.31664	12.0435	34.3272	130.83931	7.984494	4.53984	3.019462	0.854124	35.477
32.77332	12.98568	12.3012	31.4205	124.24376	7.028532	5.03424	2.749514	0.865138	37.354
32.15484	10.03656	17.01165	31.9623	120.52968	9.154458	4.949184	2.9357	0.880378	39.411
38.06928	13.39272	14.50125	26.5845	127.20863	9.132588	4.245744	3.483067	0.87898	45.618
38.92536	9.64536	13.69515	35.7147	124.57875	8.621721	4.345248	3.282001	0.909829	43.416
38.0376	14.55012	16.30485	31.8696	154.42344	7.763121	5.106288	3.470977	0.908819	60.525
39.9402	13.97928	12.6645	29.1345	156.25963	7.388496	4.173696	3.231719	0.889924	53.668
33.16968	10.47516	13.7613	24.2985	134.72158	8.650962	5.447904	3.424415	0.841052	39.664
29.6496	11.13588	17.7648	25.1178	152.12716	7.296075	5.113536	3.030653	0.847406	44.96
34.66008	11.42124	15.6573	28.0908	141.31713	7.636599	4.643616	3.282931	0.871787	47.58
28.38132	11.78064	15.99435	30.9711	118.6921	7.860402	5.174064	2.928229	0.85852	36.12
29.69712	11.28912	12.08325	25.9635	136.84967	7.826382	5.306688	3.088375	0.827065	37.913
36.92772	11.67492	12.8694	24.6684	151.91866	8.862534	5.125056	3.548229	0.856727	49.924
38.35476	10.2426	15.72345	35.1333	125.99794	6.89958	4.80936	3.270841	0.91432	45.837
38.40228	12.07668	15.8688	27.8661	118.7755	8.366328	4.159296	3.153537	0.888746	43.238
32.58324	13.79436	15.6639	30.7863	139.77284	7.308225	4.867008	3.55477	0.877474	48.46
32.20236	13.04388	18.14145	31.209	127.83413	8.804214	5.29656	2.839817	0.886743	47.382
40.57452	13.91064	16.10655	35.9394	123.57656	7.736391	4.212624	3.200068	0.933586	53.223
37.197	14.63472	14.64	28.4343	142.35963	8.770113	4.773312	3.460747	0.885248	51.459
30.10968	14.30172	14.1378	27.549	154.46514	7.123383	5.090448	2.776515	0.849091	45.224
29.2374	12.95928	15.11565	29.5176	158.59761	8.850384	5.138016	2.732743	0.854613	45.989
35.27856	13.84716	14.22375	28.4607	135.64037	9.239589	5.355696	3.076254	0.873956	48.061
28.69848	13.09668	12.9618	32.8608	156.30133	7.850682	5.084688	2.788605	0.856498	44.349
39.97188	13.05972	14.87775	33.4287	157.42862	6.945831	5.189904	2.900329	0.914595	57.046
43.3332	14.40216	13.65555	29.3856	133.59429	8.955036	5.321088	3.234509	0.91025	57.402
39.33756	12.21408	16.1793	23.4264	130.71421	7.777701	4.750272	2.970141	0.877277	47.441
41.922	13.87368	14.7588	28.1832	159.2245	8.689842	5.211552	2.917999	0.903381	64.581
33.471	11.85468	18.08865	31.4733	150.79137	7.057692	4.950624	2.825836	0.891077	52.81
31.02912	13.75212	14.49465	29.9538	118.98539	8.016084	5.179824	3.428166	0.86264	38.83
38.65572	12.34092	15.49875	29.6499	147.24409	8.093925	5.50272	3.045533	0.89565	53.302
36.05544	12.39372	17.6592	28.8966	121.48878	9.244449	4.54128	3.385324	0.890931	45.64
38.97288	10.73412	17.52705	30.4029	143.36182	8.52444	5.377296	3.523119	0.90613	53.244
40.70124	10.67076	17.22975	25.197	130.46401	9.091197	4.284672	3.367654	0.891514	49.131
40.41576	12.37788	15.48555	28.3947	126.24814	7.055262	4.397136	3.537069	0.898221	46.944
39.63888	10.29552	17.91675	27.06	146.367	8.424729	4.58304	3.56314	0.896659	53.154
43.39692	14.13792	13.42425	28.2096	152.58725	7.566048	4.835328	2.95616	0.904575	61.64
34.5492	11.66436	16.5624	31.7772	119.81939	9.015786	5.30376	3.458887	0.890104	44.034
