A	B	C	D	E11	E22	G12	G23	Mass	Load
40.46004	13.93104	16.9509	27.2886	135.44855	9.037413	5.15352	3.469954	0.903195	59.263
28.27044	12.1428	14.5701	28.7169	129.76623	8.263134	4.67736	3.071108	0.843714	37.649
42.74532	13.59252	14.1336	29.5635	154.75287	8.823168	4.5648	3.425221	0.908993	62.313
42.04728	10.20648	16.3161	34.0077	118.90199	7.474275	4.610976	2.992833	0.927867	46.557
39.4758	9.73032	14.35845	24.0879	145.14241	8.988732	4.651392	3.428941	0.868277	49.021
32.71464	9.37056	12.38775	31.7328	146.64639	7.985547	5.294928	2.851194	0.861395	41.148
33.15888	13.24332	17.79735	26.6802	159.6832	8.745246	4.469568	3.007744	0.872216	55.428
28.87344	12.70368	16.488	33.1347	159.09801	8.706285	4.951488	2.78783	0.872664	47.254
39.95208	11.08476	16.7922	35.9388	138.37311	6.933681	5.095776	2.888456	0.929919	51.817
34.90488	10.68264	17.3742	24.9342	154.83627	8.350776	4.862064	2.668542	0.866548	52.084
42.20568	9.86784	12.83745	31.521	150.07274	8.5212	4.403184	3.483005	0.903292	51.268
29.41308	13.88868	15.64155	31.8384	119.82078	7.367112	4.957296	2.79713	0.868181	38.183
36.93636	12.13224	14.88765	29.643	140.46228	6.88986	4.786992	3.031986	0.885406	48.652
28.36584	14.57652	16.0515	31.2564	144.05543	8.394597	4.579248	3.045006	0.864429	44.808
35.31744	10.30176	11.8851	31.9971	153.58249	8.569962	4.235808	3.072968	0.872533	43.273
28.74672	13.80408	14.2791	26.9181	143.80523	8.185212	5.494032	3.274251	0.840568	42.207
41.09472	12.51324	13.71045	31.1508	156.25685	9.315	4.732176	2.907118	0.904575	55.668
29.66724	11.21172	13.26075	34.8807	146.81319	8.360496	4.183872	3.427081	0.86723	41.427
39.98376	9.97368	17.8371	28.1085	130.26663	9.202977	4.893792	3.052477	0.901485	48.867
28.71504	10.52388	14.92725	34.2987	129.26444	7.566777	4.31664	2.799021	0.867031	37.332
40.84092	13.89936	15.05955	33.0288	133.94457	8.716005	4.169472	3.497916	0.918817	54.711
28.61964	13.61364	13.69725	36.1503	147.06478	7.576497	4.56192	3.2519	0.873077	42.801
32.0796	13.29624	12.70515	32.1558	140.96407	8.813448	5.341104	3.507216	0.867293	42.624
32.5242	11.68788	11.8455	33.1083	150.57453	7.250229	4.824528	3.455043	0.866866	42.848
37.8252	10.75668	18.3	30.1719	128.01066	7.381692	4.963056	3.453183	0.90365	47.914
41.72976	14.54472	14.30565	31.1241	145.39261	7.396353	4.258896	3.285442	0.913117	59.017
38.93616	14.4072	14.6892	25.9659	157.42723	8.287515	4.3224	3.013324	0.883145	55.666
41.44392	14.19564	13.8162	23.7702	136.36734	7.206408	4.971696	3.201587	0.88156	53.064
37.00008	10.3758	16.1838	24.8286	119.15219	7.532676	5.323776	3.229518	0.869464	42.724
43.60248	12.42852	14.79495	35.9121	136.28394	7.386552	4.426272	3.087879	0.938592	57.009
36.74592	12.4074	12.04395	32.9229	118.15	8.277714	4.775472	3.223938	0.885912	40.978
30.96864	13.75116	16.8318	26.9712	128.51245	9.159156	4.307952	3.302213	0.860907	44.694
33.19056	9.69864	17.33445	34.3515	125.0861	7.873524	4.302192	3.205307	0.895435	42.145
31.00032	11.3598	15.40335	24.6168	152.5803	7.493715	4.273344	3.490445	0.841577	43.226
33.381	10.00548	16.6731	23.7438	136.45074	7.070085	4.8072	3.294773	0.851348	43.73
43.5708	10.33344	16.69965	34.8276	142.71825	8.151111	4.535952	2.819512	0.939437	59.246
34.33356	12.20628	13.4724	26.4156	119.48718	8.832888	4.359936	3.464374	0.85595	39.277
30.01644	14.37552	12.52005	26.8917	141.79946	8.769627	5.1564	2.841863	0.839518	41.297
29.50848	10.93656	12.7713	31.23	130.93522	8.803647	5.072688	2.677873	0.849438	37.297
37.63476	14.5554	18.0354	32.4204	138.12291	8.170632	4.339728	3.225798	0.916584	58.73
30.8736	13.90992	17.63865	28.6113	122.24494	7.69824	4.264704	3.119561	0.870449	43.525
31.34952	13.56072	15.1653	23.7969	158.34602	8.418978	5.136192	2.903367	0.843227	50.24
31.88916	9.93144	16.2366	28.2408	143.88863	7.980687	5.488272	2.720746	0.860853	42.929
42.77736	10.78848	16.7658	29.6958	149.65435	9.144576	4.56768	3.436412	0.916287	60.945
31.79412	14.44956	12.4671	32.3145	156.59045	8.10729	5.104464	3.184785	0.867624	46.909
34.8732	13.64532	16.99065	32.4468	147.56518	7.259949	5.41032	3.477394	0.899012	54.312
35.73036	11.93124	15.23145	30.4101	137.37092	9.30042	4.847616	3.134472	0.884452	48.095
35.15868	10.01604	15.21825	29.2725	119.73738	7.045704	4.55904	3.309684	0.874646	40.107
41.4756	11.60316	13.28715	33.1875	127.42547	7.28433	4.512864	3.544509	0.911124	46.221
41.25348	14.01576	17.0832	25.9395	124.41751	8.535861	5.260272	2.908978	0.902223	55.874
42.33276	13.275	13.5252	26.6274	151.99511	7.011603	4.406112	2.882876	0.892856	56.445
43.41204	11.3916	14.01465	33.3993	148.23377	6.972642	5.026512	3.341366	0.922973	56.313
35.50788	11.73024	14.1072	24.7491	155.92186	7.420653	5.16216	2.659242	0.856365	50.659
39.5712	14.49192	12.95655	25.728	120.57277	8.638083	5.141952	3.000304	0.877787	44.557
37.25388	9.76212	13.84275	32.6586	134.36157	7.907625	4.08288	3.343226	0.891042	44.219
36.20628	13.03164	12.79785	36.0444	131.60381	8.044029	4.09152	3.263091	0.900152	45.28
33.09552	11.14824	17.2683	29.9073	125.92149	8.91567	5.208336	2.687173	0.87874	44.44
42.07896	14.50248	16.60695	33.3726	128.26225	8.414118	5.306448	3.190396	0.932971	59.247
38.2698	9.6774	12.0174	28.2939	127.67706	8.691705	4.613856	3.376768	0.869876	40.819
31.76208	9.77268	16.24995	29.8545	147.31498	6.909381	4.420512	2.931329	0.866633	42.62
36.84132	13.01052	17.5725	33.1611	123.24713	7.245369	5.462304	3.240709	0.911615	48.001
32.58756	13.7724	16.3293	34.6953	158.17922	8.677044	4.241616	3.292882	0.895547	54.596
32.01624	10.0584	16.197	31.9179	148.81896	8.974152	4.354128	3.535178	0.876185	44.314
34.26984	14.38608	13.0623	25.2783	143.47024	7.147926	4.31952	3.158714	0.853881	46.878
34.7778	11.10588	13.221	33.9813	135.95034	9.183537	4.69176	3.55756	0.884962	42.68
29.00052	11.23284	16.85835	36.2826	144.39042	7.220988	4.631184	3.145663	0.88535	42.958
36.5238	14.02632	13.6839	23.691	137.45432	7.888185	5.017872	2.722606	0.859486	47.37
29.826	13.51836	17.45355	33.267	146.228	7.552116	4.5504	3.512827	0.882585	49.884
38.74572	11.03184	12.1233	34.4574	131.43701	8.89137	5.375712	3.315264	0.898953	45.967
30.04812	11.52912	15.53565	34.5366	158.51282	7.71282	4.31088	2.78411	0.877522	45.705
33.79392	14.51304	14.385	32.685	121.99474	7.946586	5.421888	3.276111	0.885777	44.403
41.53932	10.47108	14.02785	30.7539	127.92726	7.109046	5.173728	2.698364	0.903216	46.247
39.1266	10.36524	16.11765	31.4418	134.77996	7.065144	4.305072	2.661102	0.90447	47.669
36.68256	10.82016	13.40625	36.309	159.5164	7.654419	5.139072	3.140083	0.902881	52.94
38.96784	12.56604	12.18945	29.1402	120.32257	8.08785	4.91112	2.676013	0.881327	42.501
31.85748	9.74088	17.90325	33.0552	143.63843	8.155971	4.267584	2.79341	0.886964	45.414
31.92084	14.2062	15.4695	27.5532	123.66552	8.589402	5.40456	2.866105	0.862245	43.919
30.11148	13.68768	17.32125	24.1935	144.64062	8.711145	5.014992	3.361857	0.848846	49.424
41.3172	10.926	12.81105	27.0504	159.01461	7.225848	4.977456	3.086019	0.883067	53.526
41.63436	14.12148	12.3348	31.6533	143.38684	8.789067	5.315088	3.181065	0.905653	53.192
28.7784	12.88356	18.08835	31.3359	123.58212	8.730666	4.833168	3.041286	0.872239	42.006
38.8728	12.23808	13.3137	26.9976	148.90236	9.110475	5.219856	3.520267	0.87682	51.878
42.45984	12.21696	16.40865	35.3037	122.74673	7.810263	4.934208	3.41031	0.937858	54.133
38.7774	11.43396	14.00145	36.4941	155.42146	8.477379	4.414752	2.778499	0.915796	53.86
41.95188	9.9102	14.47755	30.1191	147.64858	9.071514	4.18968	2.981642	0.903565	51.469
40.68216	11.0742	17.77095	35.2245	122.41174	8.681904	5.012112	2.869825	0.934259	51.708
32.01624	10.67208	12.21585	27.5001	146.47959	8.701425	4.460928	3.509076	0.84249	40.571
42.14232	11.53968	14.62305	23.6115	153.33229	8.774487	5.03808	2.860525	0.881982	55.093
42.5232	13.26444	11.89845	25.0137	135.11356	8.11701	4.44936	3.089739	0.880662	47.711
42.65028	13.1904	17.1096	25.6485	145.30921	8.384877	4.227168	3.356277	0.905533	61.835
35.69832	12.33336	16.14405	27.1035	156.50705	7.128486	4.137696	2.925749	0.875937	52.506
34.61904	13.38084	17.94285	26.9448	125.4197	7.829703	4.90824	2.664822	0.880287	46.629
30.61944	9.7938	15.98535	30.4365	126.92507	7.605738	5.349744	3.460623	0.863041	38.41
37.44432	13.10568	16.55415	29.0079	158.93121	7.537536	4.230048	3.479254	0.893782	56.126
40.2696	13.074	12.7449	35.3304	153.83269	8.302095	5.228544	2.772919	0.914372	55.068
37.06344	10.97892	12.9036	31.0449	138.62331	9.032553	4.4292	2.63686	0.881346	45.58
28.30212	11.61384	15.19185	26.0454	157.09224	8.009928	4.43784	2.899647	0.835202	43.581
31.50828	12.65076	11.91165	25.86	158.01103	8.574822	4.914	3.214607	0.836038	44.098
39.34908	10.58736	11.77935	36.1239	140.04528	7.610598	4.636944	3.182925	0.906256	46.982
33.00012	14.03688	14.76855	27.0771	131.10341	7.040844	5.465184	2.936909	0.861726	45.404
39.66624	9.3918	16.0647	31.0185	153.66589	7.118766	5.130432	3.117701	0.903578	53.925
33.2226	10.98948	13.86915	34.6425	150.15614	7.031124	4.146384	3.227658	0.883633	43.597
32.96844	11.7408	13.11525	30.7275	143.97203	7.571637	4.08576	2.707695	0.864736	41.165
42.49152	11.33868	12.36135	32.3412	138.7915	7.328151	4.4436	2.690924	0.907749	48.437
43.6662	12.04764	17.9958	29.7486	135.86555	7.162587	4.68312	2.961151	0.927392	59.942
37.2222	12.74592	15.6018	23.5851	148.06697	9.30528	4.544592	3.235129	0.867512	51.509
29.63556	9.83616	15.3108	28.6377	141.54926	8.146251	4.094448	3.169905	0.848831	39.779
37.09512	11.77248	16.2234	25.7544	139.37669	9.31014	4.596576	2.692784	0.876004	48.894
41.76144	10.23828	13.9353	32.8965	156.34025	7.464474	4.290672	3.069248	0.912097	53.825
41.06304	11.00004	15.68115	25.437	125.58789	8.842608	5.335296	2.750537	0.887967	46.942
30.23856	12.77772	15.94575	28.3995	120.15577	8.886429	5.04672	3.503496	0.857733	38.593
30.49236	13.66656	15.7473	34.5102	135.36515	8.91081	4.486896	3.514687	0.883302	45.261
39.222	10.56624	18.1149	29.4576	123.83232	7.435314	5.231424	2.804601	0.905664	47.158
30.71484	10.6932	14.43795	34.9335	142.38465	8.954631	4.19256	2.901507	0.876217	41.365
42.99948	12.36504	14.64945	23.4264	129.43124	8.540721	5.03232	3.25004	0.886613	52.72
35.8254	11.71956	11.73975	29.061	140.21208	7.995267	4.781232	3.035706	0.864407	42.727
31.22244	12.2592	11.9778	33.0819	124.58431	8.345916	4.299312	2.78969	0.862627	36.185
36.55548	12.94704	11.79255	35.0922	138.9583	9.066654	4.68024	2.968622	0.893455	47.164
42.30108	12.3756	14.5569	36.6	135.28175	8.89623	5.199696	3.011464	0.934752	55.123
29.31804	9.89964	16.5012	26.733	153.24889	7.634979	5.251632	3.423361	0.845016	44.028
43.85664	10.91544	16.15725	31.3095	147.90017	7.673859	4.388784	3.546369	0.924908	60.702
38.99988	12.90468	15.80025	34.0605	138.9583	9.120195	4.134816	2.823232	0.916648	50.955
33.4764	14.61888	14.60985	30.939	120.07237	8.331336	4.515744	3.330175	0.878841	42.849
28.96884	10.6086	15.99855	36.5205	131.35361	8.628363	4.746624	3.399119	0.881776	39.645
40.01544	10.73556	15.70755	34.2456	121.15796	9.29556	5.020752	3.359997	0.918296	46.214
36.46044	12.32268	14.8215	30.4893	159.7666	8.024508	4.7928	3.004024	0.886735	54.316
34.01604	11.51856	14.19975	29.3256	119.57058	7.138206	4.645632	2.689033	0.867892	38.902
39.88872	12.55548	11.8587	28.0557	129.01424	9.271179	4.870704	3.246289	0.879601	45.447
36.873	13.08456	17.7048	25.6221	126.84167	7.001883	4.994784	3.153103	0.88326	47.606
42.71364	12.53436	15.2976	31.0713	122.16154	7.849224	4.281984	2.731906	0.917887	50.984
38.36484	13.1586	12.7845	26.2569	129.84963	7.337871	4.2012	2.700224	0.871269	44.339
31.60368	14.23788	14.34525	29.1138	131.02001	8.053749	4.385904	2.64058	0.862107	42.783
36.30168	10.50276	16.54095	25.4634	119.40378	8.341056	4.599456	2.655491	0.870709	42.026
28.49256	11.28576	14.31885	29.3784	142.04966	7.449894	4.888032	2.657351	0.844832	40.041
28.65132	12.58728	17.427	30.3042	141.13087	7.391493	4.284912	2.821372	0.864375	42.56
35.98416	13.98396	12.1761	33.5316	132.85759	6.958062	4.602336	3.291022	0.888108	45.595
34.58736	12.18516	13.3533	28.77	158.26262	7.527816	5.444976	3.387959	0.865613	50.824
39.50748	10.54512	15.0066	27.6588	159.85	8.034228	4.902432	3.484865	0.886513	55.037
32.30172	9.87852	13.45905	28.4526	144.47382	8.4969	5.424768	3.522127	0.8516	41.63
33.76224	10.09008	13.1946	24.0084	151.15833	8.852409	4.455168	2.987253	0.839391	42.087
35.06364	9.8256	15.4299	25.4103	144.30702	9.207837	5.240064	2.9481	0.859477	47.208
43.06284	12.24864	16.5144	32.976	134.52976	7.936866	5.473824	2.767339	0.931619	59.032
30.20688	14.25912	16.84515	26.0187	150.74133	7.459614	4.333968	3.212747	0.855171	50.336
30.5244	12.16404	14.95365	26.3628	138.53991	6.977502	5.332416	3.393539	0.845803	40.84
39.9204	10.42872	13.15485	25.146	126.67348	7.547256	4.244496	3.481145	0.870332	42.808
38.33316	9.4446	17.2155	32.2617	152.8305	8.194932	4.296432	3.210887	0.90792	53.462
29.1276	11.92068	14.04105	27.5796	150.32294	9.290619	4.841856	2.815792	0.840301	42.57
42.6186	9.85728	17.1228	24.7227	141.46586	7.513236	5.144832	3.033846	0.896017	56.016
43.2216	11.06352	15.8796	28.3203	140.62908	7.805403	4.08	3.030095	0.909367	55.879
34.96824	13.67712	17.78415	33.9018	154.66947	8.219313	4.371456	2.754288	0.908534	56.185
43.317	12.8412	15.2844	30.2514	122.99693	9.193257	4.758144	2.933189	0.917675	53.325
39.825	13.35972	13.43265	28.0293	137.28752	9.276039	5.202576	2.716995	0.887332	49.67
29.22264	11.89944	15.4431	32.6055	126.75688	7.508295	4.152144	3.40659	0.866418	37.458
30.27024	10.94712	16.0383	23.6646	132.94099	8.326476	5.248752	3.397259	0.836776	39.397
37.1268	11.22228	14.80815	27.5268	158.84781	8.584542	4.114608	3.313404	0.876112	52.672
29.60352	12.68244	13.72365	34.9599	126.08829	9.198117	5.081376	3.175485	0.871258	38.415
29.57184	12.291	17.18895	30.1983	142.13445	8.983872	4.362816	2.724466	0.866375	43.851
36.7776	14.59764	14.3982	27.2358	119.32038	7.401213	4.711968	2.972342	0.877874	43.47
39.69828	10.71444	16.71285	35.1186	142.63485	7.483995	5.476704	3.432661	0.924722	53.315
30.36564	13.71948	13.2342	33.2139	141.38107	7.186887	5.39592	3.421501	0.867101	42.259
42.84072	11.55036	15.7341	25.9923	131.18681	7.026183	4.752384	3.417781	0.89882	53.323
39.38076	9.99492	16.6863	34.3251	139.1251	6.923961	4.43784	3.25934	0.919168	50.118
33.28596	10.67208	18.1545	27.9765	127.59366	8.92053	4.19832	3.018935	0.874933	44.267
28.90548	13.43376	15.52245	33.3198	133.02439	8.735526	5.02944	2.662962	0.870569	40.594
38.30148	9.5928	15.9192	30.648	128.93084	9.095895	4.279104	3.373048	0.895925	45.633
29.85768	12.69312	12.24225	33.5844	132.69079	7.021323	4.714848	2.849334	0.860603	38.168
37.38096	10.31232	13.6575	24.8814	128.51245	9.008172	5.40168	3.337615	0.860472	43.788
43.92	11.83596	15.0198	30.0927	141.88286	8.229033	4.890912	3.112121	0.916874	58.76
36.26964	14.3226	17.36085	23.5059	131.9388	8.238753	4.57056	3.108401	0.87397	49.25
29.79432	13.16916	11.93805	31.9707	130.85182	8.862129	4.377216	3.354386	0.853422	37.816
37.76184	14.36484	13.9221	29.7222	152.07851	7.186887	5.16792	2.758008	0.888974	53.518
38.04732	10.87308	12.7317	33.4521	126.00489	9.217638	4.178112	3.09907	0.894309	42.984
39.72996	14.11092	16.3689	33.7167	152.6637	8.935191	5.450736	3.242569	0.922694	64.716
32.93676	13.96284	14.8479	28.7436	157.25904	9.251658	5.113104	3.24818	0.867967	53.17
40.90428	10.4604	17.59905	24.564	150.65793	8.725725	4.394544	3.037566	0.891121	56.246
38.14272	11.63496	12.20265	31.8648	147.14818	7.099245	5.427648	2.875436	0.887162	49.522
38.65068	13.55016	15.4563	32.3676	121.49295	7.211268	4.20984	3.268671	0.908056	45.235
31.41324	10.725	15.8928	25.0929	134.61316	9.246798	4.492656	3.445712	0.846154	39.797
38.11104	13.09512	12.82425	35.727	152.9973	7.133346	4.587888	2.935049	0.907166	52.764
30.30192	14.18496	14.0676	31.2036	152.49551	7.182027	4.481136	2.830703	0.863329	44.66
28.3338	11.80428	14.7156	30.6216	140.37888	8.078049	4.91976	3.565	0.851549	40.687
34.14312	13.81464	16.8054	35.9916	144.55722	9.232218	4.79856	3.002164	0.909344	53.128
36.4284	12.98928	15.65475	24.6432	142.55145	8.959491	5.502672	3.09535	0.868815	50.905
41.66604	11.31756	12.4143	24.1407	130.35142	8.944911	4.723536	2.761728	0.872216	45.217
36.80928	14.41776	15.1389	35.3568	137.11933	7.761582	4.778352	3.510967	0.91202	50.826
35.76204	11.87832	15.4827	34.8012	118.4836	8.652744	4.31376	3.384208	0.903057	42.776
43.50744	12.873	15.85305	25.1724	151.49332	7.29891	5.188128	2.892207	0.90143	63.138
28.4292	12.67188	14.9934	27.6855	150.82473	8.847468	4.253136	3.345086	0.843083	42.78
41.50764	11.58204	17.8239	32.7114	137.95472	8.930331	5.3988	3.281722	0.928559	60.258
42.11064	12.7566	14.6628	33.3462	141.96626	8.321535	5.312208	3.56314	0.921961	57.88
37.50768	14.62944	11.9646	30.5952	144.22362	7.902765	4.484016	2.834423	0.88342	49.364
35.85708	9.84672	14.59665	35.2773	146.0612	7.932006	4.80144	3.542649	0.899081	48.29
35.98416	12.35448	17.5857	30.2778	144.97561	9.212697	4.117536	3.266811	0.895655	52.091
37.88856	13.7088	17.5461	27.1563	142.46805	8.482239	4.111728	2.748677	0.89389	55.223
42.58692	10.51332	12.4803	25.2516	140.54568	7.854084	5.006352	3.456903	0.879328	48.534
37.03176	10.32288	14.094	28.7964	146.1446	6.938541	4.524432	3.505356	0.876346	47.955
34.1748	13.857	16.10445	24.7755	154.16768	7.074945	5.242944	3.084159	0.863416	53.411
37.476	12.10056	17.5329	26.8389	119.23698	7.27461	4.218528	2.858634	0.887932	43.839
33.95268	14.21676	18.10155	31.6269	157.17564	8.243694	5.000544	3.222078	0.897598	57.905
39.53952	14.1744	15.56205	36.3354	123.16373	8.50176	4.509984	3.026375	0.92886	50.866
43.03116	13.3914	13.3665	33.9546	135.69875	8.603982	4.654272	2.64244	0.923746	54.977
28.14336	11.17992	12.1365	29.934	137.62112	7.727481	5.27472	3.188536	0.836144	37.717
40.14252	9.57168	13.1682	24.855	149.73775	7.70796	4.287792	3.195976	0.868836	48.47
40.5234	14.35428	13.08885	24.0612	148.40196	8.871849	5.023632	3.128892	0.875978	53.059
32.61924	11.26464	11.75295	30.7011	126.50668	7.488855	4.408992	3.449463	0.856667	36.231
29.34972	13.49724	12.282	26.1246	124.16731	7.625178	4.954368	2.832563	0.831071	35.859
38.39652	13.9734	13.89555	34.6689	127.09187	9.164016	4.980384	3.41217	0.910068	47.7
30.6828	14.6082	12.6258	33.6636	130.76842	8.233893	4.859136	2.979782	0.869091	39.477
29.69892	11.69844	17.65185	23.9292	139.2919	8.180352	4.43496	3.166154	0.843575	42.392
29.4768	12.97872	13.39305	35.6211	123.74892	7.824843	4.838976	3.447572	0.872383	37.363
30.93696	13.20096	15.5754	36.3618	152.41211	8.311815	5.234304	3.391679	0.891098	50.054
40.55508	13.63476	17.01705	34.7748	122.07814	7.196688	4.830288	2.897787	0.932339	54.24
33.03216	13.92048	17.03025	26.8125	152.32871	7.620318	4.717776	2.666682	0.870227	52.863
31.1274	9.7092	17.16255	30.8067	143.30344	7.362252	4.533072	3.499776	0.871572	42.462
34.71444	9.561	12.49365	31.5738	133.19258	7.055424	4.397424	2.916418	0.869907	37.964
40.42836	9.81504	15.7869	26.3364	154.25108	7.230789	4.541712	2.771059	0.887388	52.851
38.4282	11.8254	14.2527	35.1981	150.23954	9.134856	4.186752	3.318984	0.910667	52.69
41.1264	9.942	14.18655	27.4473	147.39838	7.844364	5.468064	2.765448	0.888169	51.356
28.93716	10.74612	11.991	34.7217	149.15395	7.751781	4.576368	2.953711	0.857516	40.277
35.60328	9.96312	11.8191	31.6797	120.99116	7.600878	5.115984	2.976062	0.871747	35.929
35.2224	13.73004	12.55965	24.9873	147.81677	8.526141	4.270464	3.430801	0.853354	48.112
43.15824	11.75136	13.9617	28.8228	118.56839	8.336196	4.365696	3.244429	0.904028	46.069
43.72956	13.5078	13.3269	34.14	136.20054	7.255089	5.124672	2.813932	0.927452	56.93
40.20588	13.58184	16.6467	25.3311	157.92763	8.404398	5.069808	3.328315	0.892788	64.607
35.09532	12.9258	14.9934	29.2989	138.8749	8.09757	4.100208	3.121421	0.878023	47.221
35.88876	11.78304	14.5833	30.357	136.53414	7.956306	5.50848	3.141943	0.881938	47.773
41.69808	14.13216	16.779	33.9282	150.99153	7.264809	4.79856	2.838143	0.933638	65.524
30.33396	13.9416	12.0042	27.897	133.35938	7.737201	4.853376	3.40845	0.841618	38.753
41.571	11.4762	11.76615	31.9443	155.50486	8.214453	5.121744	3.371157	0.899933	53.542
43.63416	12.01584	17.20215	28.0029	128.34565	7.795602	5.436336	3.25562	0.917009	57.369
36.61884	11.99472	14.8743	23.4	145.9778	7.868664	4.694688	3.113981	0.859692	49.157
39.19032	13.86756	17.2815	23.5323	148.31717	8.599122	4.965936	2.769199	0.88512	61.068
31.15908	13.47612	13.41945	25.1988	136.03374	9.188397	4.905312	3.348806	0.840048	40.235
29.54016	11.40216	16.26315	26.8653	122.66194	7.27947	5.27184	2.884736	0.847822	36.899
39.28536	13.5396	14.78175	24.3258	122.49514	8.608923	4.411872	2.744957	0.877154	44.567
40.07916	12.96816	13.6443	26.3892	118.81859	7.469334	5.447856	3.25748	0.882325	44.169
39.09492	11.65608	18.20745	23.4528	138.03951	8.199792	4.9284	3.335755	0.883873	53.805
40.99968	12.66132	16.9245	35.0658	155.58826	8.633223	5.066928	2.774779	0.933532	65.279
40.65048	14.56596	14.49075	35.5419	149.40415	8.462799	4.608096	3.056197	0.926521	60.195
43.12656	12.39684	16.89795	28.0821	157.34244	8.136531	4.547472	2.746817	0.91452	65.416
43.28496	13.02108	12.1497	27.8706	151.57672	8.11215	4.92552	2.739377	0.89534	54.72
43.79292	14.28024	13.24755	32.0502	127.00847	8.029368	4.769712	3.238849	0.920484	54.284
39.03156	10.61916	15.1521	23.6382	129.09764	8.764686	4.238736	3.065528	0.869482	44.849
42.01524	10.86252	16.1706	35.8329	156.84204	8.50662	4.997664	3.283582	0.935326	61.339
33.69852	11.88888	13.00935	24.1143	128.42905	8.808507	5.367072	2.78597	0.84191	38.702
29.28636	9.64572	15.7605	26.2833	133.44278	8.837748	4.628304	2.780359	0.839581	38.164
37.85688	12.82008	13.30035	36.3885	154.41788	9.047133	5.04384	3.332035	0.910352	54.564
36.58716	11.79372	12.93	23.8233	119.06879	7.970967	4.729296	3.080439	0.852535	40.095
40.49172	11.16936	14.2263	31.8915	153.91609	8.866989	5.52	3.039426	0.905141	55.238
32.49252	10.77792	16.13085	36.2298	158.42942	8.667324	4.660032	3.154994	0.896295	49.941
36.04752	14.5236	14.9802	28.8492	141.04747	8.10243	4.974576	3.160574	0.883171	50.731
34.68276	10.344	12.6126	26.6802	123.91572	7.596018	5.176608	3.471814	0.851732	36.609
33.25428	12.38616	18.24705	26.4684	149.06916	7.318431	4.92264	3.440132	0.87214	52.429
33.98436	10.76724	14.5437	29.352	118.4002	8.121951	4.131936	2.996553	0.86819	37.187
28.52424	13.34904	12.05715	28.479	146.31279	8.297235	4.32816	2.970482	0.835297	40.388
39.76164	12.62952	15.97215	32.9496	155.83846	7.425513	5.51424	3.050617	0.91579	58.419
31.28616	9.80436	17.05665	32.4732	148.15037	9.154296	5.110224	2.845614	0.878666	44.746
41.60268	13.95228	17.2551	29.6694	147.23158	9.149436	4.68888	3.046897	0.918432	64.356
28.11168	12.86232	16.56735	33.4785	132.77419	7.668999	5.309328	3.209027	0.871372	40.86
32.39712	10.13244	14.46435	33.558	134.19477	6.89958	5.222784	2.927609	0.877191	39.988
36.39672	12.07932	14.29245	35.0394	120.74096	8.940051	4.763904	2.709555	0.901933	43.507
30.65112	11.01072	14.4246	30.5424	159.34821	8.565021	5.413248	3.074828	0.858649	46.033
31.44492	10.12188	13.60455	31.5474	121.07456	8.828028	5.211216	3.41589	0.861357	36.214
28.08	12.73536	15.8664	29.5107	158.09443	7.659279	5.009232	3.231378	0.852484	45.626
38.1744	11.2752	17.7312	28.9287	149.82254	7.157727	5.182368	2.679733	0.898549	54.067
32.33376	11.46564	18.1809	30.3306	130.01643	8.48718	4.495536	3.518407	0.881533	45.838
34.0794	12.28044	16.6335	28.9551	149.48755	8.550441	5.439216	3.529598	0.878245	52.502
41.85684	10.01604	12.10995	32.1825	152.16191	8.370297	4.899552	2.836283	0.901593	51.379
33.34932	12.31212	17.136	32.8701	121.90995	8.175492	4.351248	2.670402	0.892748	43.567
42.174	11.38104	18.1413	27.4737	145.7276	8.618643	5.28048	2.810181	0.911687	62.374
30.7782	14.00508	15.20505	23.9556	144.13883	8.793927	4.374336	2.867965	0.842498	45.833
37.60308	14.24844	11.7132	29.7753	132.52399	7.498575	5.257392	3.020795	0.878926	46.442
40.93596	9.43404	15.9324	29.1933	158.67962	8.545581	4.942848	2.94996	0.901068	55.695
31.66704	10.83084	18.2868	34.3779	145.811	8.039088	5.133312	3.438272	0.894494	50.296
34.74612	10.28052	17.00385	36.4413	125.0027	7.722621	5.191008	3.164294	0.909824	45.195
40.8726	12.85176	15.7209	26.6538	154.91967	6.943401	5.064048	3.458763	0.895285	60.04
29.15928	11.2434	14.2395	34.4043	118.3168	7.893045	5.101584	2.955571	0.867346	35.621
33.92064	12.6402	11.80575	36.4149	139.96049	8.000208	5.303568	3.10279	0.887182	42.517
32.8734	10.5768	12.8772	35.6742	127.84386	7.581357	5.384352	3.41403	0.881616	38.495
39.06324	9.40236	14.17335	35.8593	141.29767	8.90109	4.706208	3.10651	0.912768	48.943
38.20608	10.88364	17.50635	32.0235	155.16987	9.042273	4.400304	2.763588	0.909491	55.21
40.6188	13.12692	17.6652	33.0024	139.62689	7.006743	4.538832	3.451323	0.927577	60.248
42.80904	14.16384	15.36375	29.0346	153.1641	8.51634	5.369952	2.840003	0.913489	65.429
32.778	11.9418	17.04345	33.7695	130.60162	7.557057	5.39304	2.681593	0.89298	46.434
41.34888	9.68796	12.7581	25.5426	125.50449	8.019648	5.216976	2.994693	0.87511	43.439
43.47576	12.91524	14.45115	26.5479	142.96984	9.017973	4.19544	2.873545	0.900651	57.579
37.31724	14.26968	16.2102	25.8336	137.53772	7.216128	4.518624	3.531458	0.881957	50.337
32.80968	11.42328	17.6784	32.5527	125.2529	6.919101	4.700448	2.94624	0.89021	44.12
29.25468	10.21704	16.91115	26.3097	125.67129	7.445034	4.368576	2.877296	0.845285	36.671
31.8258	10.15356	12.09675	35.9652	129.34784	8.613783	4.726416	3.09721	0.874553	37.287
42.93612	11.20116	15.5886	24.9078	120.40597	7.488855	4.813008	2.890316	0.893806	48.811
39.85668	13.14804	12.8904	35.7006	125.83809	7.406073	5.292048	3.434552	0.914819	46.999
43.88832	12.0264	17.46675	33.7959	131.772	8.779347	4.383024	3.220218	0.9421	58.783
33.8256	10.16412	14.74215	35.4624	128.09406	8.979012	5.39016	2.929469	0.892207	40.647
38.5236	11.13768	17.6916	33.4257	156.42365	7.269669	4.463808	2.843723	0.9176	56.027
34.524	11.5926	17.92965	26.0982	156.00526	8.657604	4.55616	3.525847	0.873353	53.979
31.63536	10.1748	16.9377	27.315	153.0807	9.222498	4.417632	3.048757	0.85941	45.457
29.09592	10.62972	13.512	23.982	146.97999	8.190072	5.193888	2.94252	0.821758	40.265
35.34912	14.46012	16.8186	29.6163	127.34207	9.090954	4.642704	2.802741	0.890798	47.832
32.23836	9.92076	12.85065	24.8019	149.23735	7.30377	4.489776	2.847474	0.834312	40.451
43.25328	12.76716	13.44585	26.5215	132.60739	7.951446	5.482464	2.826952	0.895072	52.938
37.79352	10.07952	12.65235	25.0401	155.25327	8.443278	5.338176	3.177345	0.85821	49.169
35.4762	9.41292	15.6282	32.8173	126.33988	7.990407	4.885152	2.703944	0.891304	42.961
43.8246	11.30688	14.7288	32.7378	155.08647	7.357392	4.989024	2.741237	0.924981	61.476
38.23776	12.9576	17.2419	34.431	147.73337	8.90595	4.766832	3.533318	0.921078	57.01
42.23772	12.5238	13.6179	25.0401	149.98934	7.542396	4.345488	3.473674	0.885403	53.501
33.5718	10.8096	17.718	30.0396	140.79727	7.060284	5.453616	3.138192	0.882699	49.105
38.90448	13.83588	12.67875	27.2091	125.3363	7.630038	4.348368	3.501636	0.878006	44.339
38.619	10.26996	16.01175	26.7066	141.63266	7.522956	5.40744	3.538898	0.882821	50.341
33.50808	12.47088	18.23385	27.7911	128.17746	8.316675	5.491152	3.173625	0.878407	47.556
36.90468	12.03708	16.43505	23.5587	135.03016	7.7031	5.459376	2.825092	0.868202	48.295
37.66644	13.656	16.28955	24.6696	136.78573	7.69338	5.442096	3.468094	0.878196	50.801
40.30128	10.2912	12.08355	27.7647	129.68283	8.141391	4.149264	2.894067	0.877528	43.002
31.4766	14.439	16.5276	32.103	135.53195	9.022833	5.346864	3.305933	0.882655	49.235
33.41304	12.6084	13.98825	31.4682	159.43161	8.453079	4.697568	3.550089	0.874586	50.762
32.65092	9.61392	14.5305	30.5157	154.58468	8.433558	4.605216	2.711415	0.865574	44.016
40.80924	11.81484	13.1814	27.6324	137.87132	9.061794	4.105968	3.40473	0.886208	48.046
32.14332	12.44964	12.96975	30.3837	120.23917	6.962922	5.16504	3.207167	0.860372	36.378
36.01584	10.59804	12.25545	26.442	149.90594	8.754966	5.090016	2.644331	0.855325	43.944
30.80988	13.87812	15.25785	35.4891	127.76046	7.518096	4.212768	2.963011	0.886763	42.396
34.80948	10.64028	16.30275	26.0718	143.05324	8.09757	4.103088	2.730046	0.865981	47.107
41.41224	11.56092	11.8719	25.5957	155.33806	8.740386	4.593648	3.203447	0.874875	51.892
28.55628	12.1746	17.4006	31.7061	147.98357	9.129915	4.879344	3.311544	0.86873	44.852
36.71424	12.15348	16.0251	29.9868	118.73519	8.08299	4.896672	3.061808	0.89067	43.655
37.41264	9.98424	16.87155	25.569	140.29548	8.073189	4.157904	3.462483	0.876417	48.16
40.36464	10.2594	16.4748	31.812	124.66771	8.881569	4.250256	2.79155	0.912585	45.971
34.46028	14.0898	14.4114	31.3623	156.67385	6.928821	4.78992	3.333895	0.882862	53.158
32.27004	13.22208	17.62545	32.6322	151.07493	6.90444	5.0352	2.964871	0.890709	53.279
31.57164	14.058	17.95605	28.1352	145.22581	8.993592	5.15928	2.856774	0.873221	52.286
39.79332	14.07924	12.0306	27.606	156.17345	7.639839	4.876464	3.2612	0.880994	53.856
37.34892	9.51876	12.4407	30.9921	144.89082	7.29405	5.2776	3.350666	0.87844	44.317
39.44412	12.00528	14.05425	35.5947	118.98539	7.746921	5.28912	2.920138	0.915969	44.83
43.09452	12.12168	18.07515	25.8072	129.18104	8.51148	4.530192	2.879156	0.910114	56.839
31.06404	13.06344	15.50925	23.8761	132.2724	7.177167	4.521504	2.862385	0.84274	41.554
31.95288	11.66664	13.56495	27.1299	133.60958	9.280899	4.140624	3.009604	0.848083	38.67
34.99992	11.34924	13.85595	36.0708	121.24136	7.089525	4.527312	3.123312	0.897345	40.939
31.69872	13.7406	13.8294	35.8857	145.6442	8.448219	4.32528	2.737517	0.885833	45.3
31.7304	10.11132	14.1204	27.7119	153.49909	6.948342	5.26896	3.028235	0.849355	43.379
41.98356	9.45528	14.2659	31.6005	143.22004	8.531001	5.28624	3.466234	0.908216	51.326
36.23796	13.23276	11.95125	25.4898	146.72979	9.013113	4.507104	2.800881	0.855966	47.706
38.55528	9.48696	13.88235	34.5897	120.65756	8.068329	4.827408	3.346946	0.904276	42.427
41.15844	10.90488	17.30805	25.3047	152.7471	7.104105	4.458048	3.287302	0.894593	58.086
38.68236	12.06876	18.009	34.7484	132.3558	7.591077	4.129056	2.983502	0.926198	51.709
34.49232	11.91012	17.44035	28.1616	136.70233	7.016463	4.172352	3.289162	0.879706	47.495
43.69788	11.57148	13.3401	35.4096	131.8554	8.696565	4.590768	3.395399	0.929651	50.647
28.81008	12.78828	13.3401	34.272	151.82692	9.081234	4.720656	3.143803	0.863686	43.73
37.69812	14.64	15.09915	32.7909	129.93303	8.048889	5.15064	2.694644	0.905985	48.984
36.11124	11.48676	16.75245	34.0341	159.18141	7.240509	4.79568	3.380488	0.906307	55.617
32.55588	14.31204	12.66555	24.5109	126.42328	8.438418	4.342608	3.082299	0.841957	39.503
37.98396	10.79904	14.0808	36.0975	130.51822	8.014788	4.123296	2.817652	0.910373	45.365
35.63496	9.4764	14.7024	28.5054	138.7081	8.005068	4.844736	3.130752	0.870666	44.204
35.44452	12.08988	15.83985	28.6905	154.33448	8.969211	5.387232	2.649911	0.87932	53.289
41.38056	13.4232	15.3372	24.5376	129.51464	7.376832	4.143504	3.132612	0.888939	51.874
38.84112	12.7248	14.91405	29.4048	121.74315	9.100755	5.496912	3.197836	0.893637	46.032
40.74552	13.31736	14.90085	32.5263	148.48536	7.742061	4.097328	2.715135	0.914826	55.633
42.68196	9.50808	15.2712	26.7861	136.61893	8.380017	4.66872	2.735626	0.896102	48.782
40.04712	13.99452	12.864	35.145	151.40992	7.454754	5.263152	3.304073	0.914599	54.998
39.25368	13.8252	12.69195	30.7803	124.9193	8.750106	4.180992	2.94066	0.893183	44.785
37.95228	13.52892	11.7	32.2353	141.21427	8.399457	4.634064	3.492305	0.888619	48.632
30.1752	13.21152	15.82665	29.5371	149.32075	7.756722	5.499792	2.759868	0.862112	46.838
42.90408	9.52932	15.95895	26.151	126.59008	8.253414	4.755264	3.358137	0.897456	47.633
41.03136	10.9578	17.0964	30.9126	123.33053	7.732341	4.166592	3.443852	0.915384	48.586
33.06384	11.25408	11.8323	28.8759	142.21785	9.237078	5.297808	3.10465	0.851635	40.99
29.95272	10.43928	12.50685	24.4053	128.59585	8.784207	4.864944	3.233269	0.822452	35.638
32.74632	13.32792	13.55175	30.8862	145.05901	7.430373	4.163664	3.55942	0.868803	45.131
42.42816	14.14272	16.3425	32.7642	157.00884	7.771302	4.91688	3.400979	0.930357	68.152
43.44372	9.53988	13.57815	30.0132	133.27598	7.28919	4.619616	3.136332	0.905166	47.083
32.84136	12.30156	17.81055	34.1664	145.8944	8.555301	5.505552	2.990973	0.898598	52.702
36.14292	11.67732	16.72605	35.436	142.30125	7.975827	4.155024	3.496056	0.912223	50.529
31.09572	12.79884	12.3216	28.2144	119.98897	8.560161	5.358384	3.218358	0.845324	36.083
31.25448	12.71424	12.3084	32.0766	153.41569	8.258274	4.986144	2.672262	0.860876	43.956
31.3812	13.69824	15.11235	23.8497	122.32834	7.839504	5.078496	3.277971	0.843621	40.929
40.39632	10.53456	14.75535	31.7592	124.33411	6.987303	5.300688	3.298493	0.90558	45.879
41.19012	10.96836	12.5994	24.3522	139.2085	7.347591	4.772592	2.750537	0.871179	46.988
32.175	10.41816	12.573	24.2466	148.73556	7.479135	4.939968	3.419641	0.8315	40.96
36.49212	10.18536	13.6707	30.8334	157.84423	9.261459	4.856256	3.296633	0.880239	50.759
30.39732	14.34372	15.37695	30.4629	132.44059	6.967782	4.709088	3.272391	0.866717	44.054
29.44512	10.143	13.59135	31.3887	124.08391	8.818308	4.247376	3.378628	0.85221	35.287
30.04812	12.8094	16.42185	25.2252	120.90776	8.642943	4.276224	2.79527	0.846859	38.377
35.9208	10.4922	17.8767	35.5155	137.20273	9.139716	4.55328	3.127032	0.914983	49.734
41.88852	12.43908	12.7185	29.1666	121.32615	6.997023	4.67448	3.054337	0.895842	44.041
34.04772	13.17984	16.6203	36.2562	121.57635	8.623503	5.326656	2.974202	0.908264	45.946
35.28576	11.02128	15.24465	34.563	154.08428	7.790742	5.329536	2.648051	0.897931	52.62
32.36544	11.37048	12.40095	24.273	135.78215	7.912485	4.126176	3.199696	0.833334	37.791
43.34868	12.41796	12.1629	32.4999	146.56299	8.389737	4.258896	3.059917	0.912747	52.233
43.53912	11.49744	11.7264	31.4946	132.1056	7.717761	5.245872	3.162434	0.906346	47.684
34.93656	13.60308	16.46145	34.9071	150.49113	7.152867	4.20408	3.125172	0.906638	53.322
41.28516	9.75156	13.9485	35.8065	139.71029	7.785882	5.343984	2.985393	0.921401	50.216
29.0322	12.34392	16.27635	24.2199	136.11714	8.457939	5.058288	2.696504	0.837242	40.138
36.0792	10.10064	13.73685	28.3731	120.48937	9.115335	4.818768	2.912698	0.868787	39.633
34.4286	13.57128	12.4275	33.5049	157.51063	8.204733	4.175232	3.171765	0.881809	50.703
34.23816	11.41272	16.88475	36.5472	140.12868	8.579682	4.80432	2.646191	0.908964	49.45
29.19096	13.46544	15.08595	25.3839	131.27021	7.883325	4.293552	3.488585	0.839441	38.408
29.3814	10.04772	13.0359	25.7013	125.1695	7.313571	4.743744	3.022655	0.82673	34.461
35.5716	11.84652	18.22065	29.8809	141.71606	8.131671	4.740864	3.017075	0.894233	51.424
29.88936	12.50256	13.4856	34.1133	154.50128	7.050564	5.214096	2.94438	0.867828	44.659
43.38036	10.35468	13.10205	33.2406	124.75111	8.472519	4.737936	2.864245	0.916967	45.555
33.66684	11.709	15.49605	34.2192	134.69656	6.89472	4.93128	3.494165	0.891664	45.966
29.76228	11.32812	17.3874	24.9606	148.65216	7.167447	4.991904	2.881016	0.846009	43.698
41.79312	13.48668	18.06195	33.2934	134.27817	8.365437	4.648512	2.713275	0.935951	60.558
42.8724	10.03716	13.0755	28.188	139.87709	9.266319	5.0496	3.078579	0.893952	49.359
37.53972	13.79352	12.37455	33.8223	122.91353	8.857269	5.352624	2.895927	0.896375	44.914
30.55608	13.41264	15.04635	33.849	125.75469	9.125055	4.232928	2.977922	0.877598	39.74
28.84176	9.55044	13.7898	33.7431	133.52618	7.415793	4.665792	3.307793	0.859319	37.324
41.2218	13.45488	15.906	27.9498	127.17527	6.982362	5.185248	2.718855	0.903609	53.825
35.79372	11.127	12.63915	36.018	135.19835	7.819983	4.937088	2.651771	0.895058	43.302
41.9202	12.59784	16.9641	33.6108	156.09005	8.292375	4.221408	3.156854	0.93172	65.145
32.46048	13.76172	14.2131	24.4845	152.9139	7.6788	4.882224	3.516547	0.846857	48.978
32.04792	10.24884	17.91645	32.394	126.17308	9.052074	5.254512	3.25376	0.885776	43.697
40.23792	12.46032	13.4988	35.5683	155.00307	7.68366	4.43208	3.475534	0.917501	54.849
35.25408	12.11112	14.94045	35.2509	138.20631	8.09271	4.749504	3.115841	0.900728	48.258
40.11084	12.54492	16.59375	23.7174	139.79369	7.352532	4.504224	2.683453	0.884056	53.536
32.90508	13.11636	17.61225	35.7534	121.82655	7.644699	4.662912	3.339475	0.90553	45.306
40.77756	10.38636	15.66795	32.5791	140.88067	9.241938	5.061168	2.702084	0.914176	51.646
33.31764	14.33316	18.04875	29.2461	130.18323	7.961247	4.983264	3.486725	0.885755	49.075
30.90528	10.89432	14.967	24.4581	155.75506	8.949771	5.003424	3.386068	0.837897	44.474
38.46024	14.06856	18.1281	28.9815	142.88644	7.68852	5.364192	2.9388	0.906392	61.731
43.76124	14.53416	15.324	27.8442	137.03593	7.966107	4.657152	2.853054	0.913559	59.593
32.68296	14.2908	18.26025	34.4838	133.86117	7.834563	4.867824	2.866105	0.904132	50.382
32.4288	11.508	13.2078	24.2994	132.189	8.272854	4.498416	2.653631	0.837372	37.849
37.19052	11.64552	17.5593	30.066	158.76302	9.168876	5.087136	3.147523	0.898712	57.24
33.1272	13.44432	13.90875	33.6372	145.47601	9.056934	5.479584	2.922029	0.882891	49.044
33.63516	12.492	14.33205	29.9868	157.76083	8.92539	4.120416	2.812041	0.870985	50.156
42.9678	13.84644	17.29485	28.2672	124.8359	7.917345	4.6716	3.352526	0.918835	56.885
38.49192	12.83064	12.5862	28.6641	138.45651	7.143066	5.118864	3.540758	0.879594	48.141
42.36444	11.29632	13.6311	29.5899	120.82436	8.355636	5.179488	3.523987	0.901578	45.297
34.39692	11.95236	12.2952	27.1827	159.5998	7.440174	4.33104	3.216498	0.85375	45.446
39.60288	11.05296	13.803	24.6963	138.28971	6.914241	5.378592	3.149383	0.871031	47.903
29.98476	10.2276	16.09125	33.6903	121.65975	9.003312	4.573488	2.905227	0.874514	36.971
34.30188	12.61896	15.69435	35.3832	140.71248	7.172307	4.616736	2.63872	0.901128	48.717
28.1754	11.76192	13.7766	28.5318	143.55503	6.992163	4.501344	3.194116	0.838601	39.823
37.5714	11.98416	15.033	28.5582	136.86913	8.224173	4.686	3.553809	0.884225	48.27
36.65088	11.11644	16.58055	25.7808	157.67743	7.863804	5.433408	3.091599	0.874609	54.467
31.19076	10.55568	11.92485	35.0127	151.24312	8.594262	5.147712	3.369297	0.867733	42.575
40.1742	11.09532	13.14165	27.024	155.67166	8.160912	4.256016	2.726326	0.87979	51.603
33.53976	14.30136	15.4167	36.2031	151.91171	7.897905	5.127552	2.854914	0.902483	53.789
33.85728	11.1588	12.52005	25.9131	131.68721	7.30863	5.361264	2.756148	0.846138	38.335
40.71384	11.99472	17.2287	26.1777	126.25648	9.178677	4.472448	3.441992	0.897631	52.288
42.39648	11.44452	18.2736	29.8017	152.24531	7.781022	5.098656	3.324564	0.922458	65.357
30.14316	12.48144	17.8635	35.6478	137.78792	8.423838	4.215648	3.10093	0.893557	47.135
43.18992	12.89412	13.7634	26.4951	148.98576	7.927146	5.51136	3.320844	0.896283	59.528
38.07936	13.78296	12.9168	34.854	124.50091	7.410933	4.475328	2.776639	0.905003	44.821
30.429	9.46584	12.07035	29.0874	134.11137	8.428698	4.380144	2.886596	0.839767	36.124
28.683	11.86776	17.49315	27.8175	124.25071	7.333011	4.836096	3.382348	0.85389	37.879
34.55568	12.19572	16.0779	34.6161	127.50887	8.409258	5.318016	3.551949	0.900165	46.512
42.2694	14.10036	15.54885	31.1772	135.61535	7.035984	5.205456	3.270531	0.920093	59.062
35.95248	11.8572	16.6599	24.1671	119.90557	7.858944	4.423392	3.367437	0.867083	42.703
37.73016	11.9736	15.1257	29.4843	139.0417	8.058609	4.873584	2.635	0.888903	48.945
42.55488	10.65096	16.3557	25.5162	147.48178	8.876709	5.381472	3.326455	0.896881	58.729
34.65108	13.6242	14.63625	35.7801	133.10918	6.953202	5.225664	2.998413	0.901176	47.45
31.98456	9.62448	16.3821	27.3414	118.2334	8.467659	4.735056	3.264951	0.857845	36.11
29.92104	10.48164	14.8347	34.1928	150.40634	7.371972	5.416128	3.363717	0.871269	43.932
35.53956	14.48124	14.8611	30.2247	150.90813	8.798787	4.784112	2.674153	0.885668	53.042
33.60348	13.28556	13.0227	24.4317	154.00088	7.615458	4.391664	2.685313	0.845483	46.965
29.06388	11.1906	17.9826	26.2305	151.74352	8.647884	5.237184	3.043146	0.850264	45.213
35.66664	10.44984	12.94335	31.7856	156.75864	7.084665	4.703328	2.733766	0.877841	46.367
40.968	9.65628	15.81345	31.0977	123.99912	8.375157	5.430528	3.076688	0.908681	46.61
35.03196	9.36	17.5197	28.3467	145.55941	8.720865	5.055408	3.40287	0.879259	49.994
38.80944	13.25388	16.9773	29.2197	119.65398	8.662464	4.08864	3.09349	0.902441	47.923
35.38116	9.63516	15.7737	25.3575	133.77638	7.123626	4.960176	2.728186	0.861782	44.192
40.33296	14.15328	17.8503	26.6007	151.32652	7.342731	4.582128	3.09907	0.904318	64.626
30.58776	13.3068	12.34815	26.2041	149.57095	7.201548	5.084256	2.989113	0.836532	42.253
41.8248	9.49752	17.4138	34.0869	134.44497	8.282655	4.821648	3.374908	0.931065	52.489
32.20668	13.33848	13.12845	28.4262	121.40955	9.227358	4.761024	2.828843	0.855228	37.47
30.74652	9.78324	13.9749	30.5688	159.26481	7.815123	4.639824	3.300353	0.855577	44.126
34.11144	10.66152	13.0491	35.1714	151.66012	9.173817	5.075568	2.806461	0.885655	44.73
36.33336	13.05288	12.4539	27.4209	153.74929	8.306955	5.51712	2.910838	0.865492	51.356
37.28556	10.40748	14.5173	24.5904	130.43482	7.079805	4.20696	2.966731	0.862731	43.222
38.01564	14.22732	13.27395	27.2622	127.25867	8.49204	5.1708	3.555669	0.877721	46.283
31.032	10.19592	17.47995	32.2089	158.59622	7.664139	5.04096	2.957431	0.878803	47.753
39.15864	13.37028	17.14935	32.1294	134.94676	9.256599	5.355504	2.782219	0.916161	57.068
40.58676	14.47068	14.50395	25.8867	128.67925	8.964351	4.44072	3.317124	0.889195	51.542
39.63456	11.96292	12.22905	29.8281	139.54349	7.113906	4.108848	3.192256	0.886031	46.904
36.36504	13.0422	15.35055	29.4312	118.65179	7.323291	4.945728	3.56128	0.885632	43.475
35.41284	12.57672	12.2688	23.4795	137.70452	8.063469	5.320896	3.279862	0.844978	44.489
28.46088	11.6244	15.39015	28.9023	134.02797	9.027693	5.456496	3.067388	0.847886	39.825
28.39752	9.66684	14.16015	30.9654	143.13664	8.998452	4.850496	3.186676	0.847859	39.832
33.7302	9.60336	17.07	25.1193	157.59403	7.800543	4.585008	3.151243	0.859287	50.055
39.41244	12.99996	18.1677	36.5736	142.80165	7.878465	5.052528	3.179205	0.938575	62.209
28.58796	14.04744	17.74455	26.5743	136.95253	7.561917	5.092896	3.024515	0.85377	46.504
38.71404	9.42348	18.0222	27.7383	130.09983	7.649559	4.452288	3.015215	0.894639	46.793
38.58696	9.71976	17.89005	33.8754	144.80742	8.165772	5.28336	2.923889	0.918751	53.18
28.20708	11.0424	14.676	36.1767	143.72183	8.209593	5.196816	2.918278	0.872068	41.91
30.46068	11.45508	17.75775	30.8598	156.92544	7.922286	4.224288	3.236989	0.873883	49.523
31.53996	12.93648	12.98295	32.2881	130.68502	7.766442	5.485392	2.705835	0.866127	39.499
28.23876	9.95256	17.34765	31.2831	133.69298	7.941726	4.968816	3.005884	0.862347	39.593
37.15848	13.40196	17.9694	32.8437	123.33053	9.105615	4.81008	3.322704	0.914009	49.675
35.127	14.42832	13.75005	30.6744	144.72402	9.285759	4.357056	3.168014	0.880835	49.769
39.31704	10.85196	12.54645	31.4151	132.0222	8.686764	5.470944	2.743097	0.89069	46.077
29.7306	10.06896	14.3718	25.6749	129.59804	7.776162	4.478256	3.548229	0.833802	36.535
37.9206	10.8414	17.17575	27.3678	123.49872	8.759826	5.266032	3.537038	0.888287	46.104
34.20648	10.39692	15.615	34.9863	146.39619	9.076374	5.372832	3.365577	0.895861	49.684
31.31784	9.58224	14.14695	27.3945	123.08033	8.248554	5.419008	2.959291	0.845696	36.165
34.84152	14.58708	16.44825	27.9234	148.56876	8.672184	4.466688	3.527738	0.880912	53.403
30.84156	13.13748	12.99615	28.5849	122.57854	7.235649	4.160784	3.058057	0.849131	35.765
35.19072	9.38112	15.1785	36.4677	146.89659	7.586217	4.625424	2.914558	0.903086	47.211
34.36524	12.22752	16.39545	23.9025	122.83013	9.086094	4.948608	3.063668	0.858933	43.559
33.88896	12.26976	13.53855	24.0348	128.84605	6.885	4.622544	3.389819	0.845384	40.34
36.96804	14.39664	16.73925	29.9604	134.86336	7.094385	4.336848	2.808321	0.89852	50.219
33.44472	9.88908	18.19425	24.3789	131.52041	8.267994	5.107344	2.95182	0.860366	45.166
