"Status Code/Type"	"Row Name"	"Run #"	Weight_MeanLoad	Weight_MeanMass	Weight_ReliableLoad	Weight_SDLoad	A	B	C	D	MeanLoad	MeanMass	ObjFunc	ReliableLoad	SDLoad	"Design Feasibility"	"Objective and Penalty"	"Objective Function"	"Penalty Function"
OK	Task[1].Optimization1[1]/Subflow[11]	11	1	1	1	2	34.52260675672092	12.038796889104013	15.75	29.849231071329935	49.021140744912806	0.8799923754130006	117.74070074076792	42.81476192043563	2.0688088074469126	9	117.74070074076792	117.74070074076792	0
OK	Task[1].Optimization1[1]/Subflow[12]	12	1	1	1	2	33.904022151723716	12.077593778208028	16.5	29.698462142659867	49.42336443250809	0.8799708607829805	102.28117489520264	43.2453501074704	2.059353901776438	9	102.28117489520264	102.28117489520264	0
OK	Task[1].Optimization1[1]/Subflow[15]	15	1	1	1	2	33.59138834730811	12.097201797777368	16.87905138831051	29.622263247024563	49.626432486822424	0.8799767716543373	96.37857951449848	43.45267118926325	2.057936215080221	9	96.37857951449848	96.37857951449848	0
OK	Task[1].Optimization1[1]/Subflow[17]	17	1	1	1	2	33.59138834730811	12.110298999575145	16.87905138831051	29.622263247024563	49.64543819394002	0.8799980650208611	96.37466359394955	43.4694017760059	2.058694594354253	9	96.37466359394955	96.37466359394955	0
OK	Task[1].Optimization1[1]/Subflow[21]	21	1	1	1	2	33.51375049690159	12.022788184203968	17.301027673018275	29.281700207198693	50.01077963132839	0.8799940786336264	93.00930634128497	43.80610301082787	2.068241401781039	9	93.00930634128497	93.00930634128497	0
OK	Task[1].Optimization1[1]/Subflow[27]	27	1	1	1	2	34.1499296925413	11.871654033876682	17.33073634420949	28.62890390542766	50.49642525814991	0.879997016634712	87.94888593631345	44.25678416014363	2.079896317012535	9	87.94888593631345	87.94888593631345	0
OK	Task[1].Optimization1[1]/Subflow[31]	31	1	1	1	2	38.5363575991386	10.813714981585678	17.538697042548	24.05932979303044	52.922285945318926	0.8799971717481124	80.44407308192274	46.42158469362709	2.1669170355415543	9	80.44407308192274	80.44407308192274	0
OK	Task[1].Optimization1[1]/Subflow[33]	33	1	1	1	2	37.052552213132884	11.174979831766581	17.467682658150256	25.61974719470476	52.264558522625684	0.8799981075569113	78.30944873113356	45.855395208851604	2.1364041556310083	9	78.30944873113356	78.30944873113356	0
OK	Task[1].Optimization1[1]/Subflow[43]	43	1	1	1	2	36.03505987232074	11.17497976197176	17.467676102137965	25.619758491623937	51.23448798644333	0.8756162325924602	75.12111242198137	44.95263172786703	2.0939681451095393	9	75.12111242198137	75.12111242198137	0
OK	Task[1].Optimization1[1]/Subflow[44]	44	1	1	1	2	35.57732613806282	11.174979730573545	17.467673152820446	25.6197635737074	50.75541523081703	0.8736493001575598	74.55473086365873	44.52850113288438	2.075653951102808	9	74.55473086365873	74.55473086365873	0
OK	Task[1].Optimization1[1]/Subflow[49]	49	1	1	1	2	35.57729291678952	11.174897400103635	17.467008154221794	25.619581087064685	50.75417600048481	0.8736453747116135	74.5470410681703	44.52743812894491	2.0755952085210865	9	74.5470410681703	74.5470410681703	0
OK	Task[1].Optimization1[1]/Subflow[50]	50	1	1	1	2	35.57725969551622	11.174815069633723	17.46634315562314	25.61939860042197	50.75293687828331	0.8736414494220901	74.53938069339722	44.52637507601612	2.0755365183137027	9	74.53938069339722	74.53938069339722	0
OK	Task[1].Optimization1[1]/Subflow[51]	51	1	1	1	2	35.577193252969614	11.174650408693902	17.465013158425837	25.61903362713654	50.75045895813328	0.873633599311914	74.52414813893529	44.524248823454954	2.075419294884736	9	74.52414813893529	74.52414813893529	0
OK	Task[1].Optimization1[1]/Subflow[52]	52	1	1	1	2	35.577060367876406	11.174321086814258	17.462353164031224	25.61830368056568	50.74550441387658	0.8736179009642818	74.49403533803729	44.519995733451836	2.075185475007494	9	74.49403533803729	74.49403533803729	0
OK	Task[1].Optimization1[1]/Subflow[53]	53	1	1	1	2	35.57679459768998	11.173662443054972	17.457033175242003	25.616843787423964	50.73560050169066	0.8735865117377766	74.43521519445812	44.51148722911756	2.0747203354890362	9	74.43521519445812	74.43521519445812	0
OK	Task[1].Optimization1[1]/Subflow[54]	54	1	1	1	2	35.57626305731714	11.1723451555364	17.446393197663564	25.613924001140532	50.71581332015733	0.8735237629832264	74.32316648167875	44.49446104483661	2.0737999960127578	9	74.32316648167875	74.32316648167875	0
OK	Task[1].Optimization1[1]/Subflow[55]	55	1	1	1	2	35.57519997657147	11.169710580499252	17.42511324250668	25.60808442857366	50.676321030835425	0.8733983828609281	74.12119243360917	44.46037294367986	2.071998586141213	9	74.12119243360917	74.12119243360917	0
OK	Task[1].Optimization1[1]/Subflow[56]	56	1	1	1	2	35.573073815080114	11.164441430424962	17.382553332192916	25.59640528343993	50.59766080256055	0.8731480809971842	73.80378181518029	44.39206151501678	2.0685489598131745	9	73.80378181518029	73.80378181518029	0
OK	Task[1].Optimization1[1]/Subflow[57]	57	1	1	1	2	35.5688214920974	11.153903130276376	17.297433511565384	25.573046993172454	50.441606770017486	0.8726492229013872	73.49929438559263	44.2549585054968	2.062231903686952	9	73.49929438559263	73.49929438559263	0
OK	Task[1].Optimization1[1]/Subflow[59]	59	1	1	1	2	35.56769219569423	11.151104456586317	17.274828100907687	25.566843693636987	50.40044014548235	0.872517111955685	73.48884084627286	44.21845376811942	2.0606779293831035	9	73.48884084627286	73.48884084627286	0
OK	Task[1].Optimization1[1]/Subflow[62]	62	1	1	1	2	35.56769219569423	11.151104456586317	17.293102929008594	25.566843693636987	50.42840226303042	0.8725965112137298	73.47721323596909	44.243305032567065	2.061714888369124	9	73.47721323596909	73.47721323596909	0
OK	Task[1].Optimization1[1]/Subflow[64]	64	1	1	1	2	35.55757052156043	11.125175373548368	17.275705473341695	25.513317341967177	50.34210835218892	0.8722240423989791	73.29831287544357	44.16722125763815	2.0583114836274716	9	73.29831287544357	73.29831287544357	0
OK	Task[1].Optimization1[1]/Subflow[65]	65	1	1	1	2	35.54744884742664	11.099246290510418	17.2765828457757	25.459790990297368	50.283799933113926	0.8719310429275998	73.11340189396105	44.11598210042123	2.055955044932962	9	73.11340189396105	73.11340189396105	0
OK	Task[1].Optimization1[1]/Subflow[66]	66	1	1	1	2	35.527205499159045	11.04738812443452	17.278337590643712	25.35273828695775	50.16724902471361	0.8713452531966328	72.76126075647892	44.01347667460591	2.0512731814912892	9	72.76126075647892	72.76126075647892	0
OK	Task[1].Optimization1[1]/Subflow[67]	67	1	1	1	2	35.48671880262386	10.943671792282723	17.281847080379737	25.13863288027851	49.934379345362224	0.8701744995764926	72.13358438087585	43.8083050974454	2.042040409937823	9	72.13358438087585	72.13358438087585	0
OK	Task[1].Optimization1[1]/Subflow[68]	68	1	1	1	2	35.40574540955349	10.736239127979129	17.288866059851788	24.71042206692003	49.46928241549969	0.8678361522201028	71.2327615635595	43.39686957378637	2.0241531373152264	9	71.2327615635595	71.2327615635595	0
OK	Task[1].Optimization1[1]/Subflow[69]	69	1	1	1	2	35.24379862341275	10.32137379937194	17.30290401879589	24	48.57253359816065	0.8637363698991833	71.13559630218151	42.59743972376102	1.991713232640083	9	71.13559630218151	71.13559630218151	0
OK	Task[1].Optimization1[1]/Subflow[71]	71	1	1	1	2	35.307884314918454	10.485544587191267	17.29734890820864	24.192904184306403	48.907395204248296	0.8650151090430437	70.91148824736331	42.89630819806287	2.003711035297521	9	70.91148824736331	70.91148824736331	0
OK	Task[1].Optimization1[1]/Subflow[72]	72	1	1	1	2	35.34419219923337	10.485544587191267	17.29734890820864	24.192904184306403	48.94481390771494	0.8651707899557577	70.87399297667957	42.929808135238844	2.005017300746339	9	70.87399297667957	70.87399297667957	0
OK	Task[1].Optimization1[1]/Subflow[76]	76	1	1	1	2	35.70445230351851	10.509057621780759	17.303449826193045	24.01491327935221	49.31480697578755	0.866091830639117	70.76960862847432	43.257832854069605	2.0190068577797198	9	70.76960862847432	70.76960862847432	0
OK	Task[1].Optimization1[1]/Subflow[78]	78	1	1	1	2	35.61747519531305	10.503900635305506	17.30211174490828	24.05395106012327	49.226231486533166	0.8658552218247217	70.74902329850886	43.1794607153311	2.0156057148578905	9	70.74902329850886	70.74902329850886	0
OK	Task[1].Optimization1[1]/Subflow[80]	80	1	1	1	2	35.61747519531305	10.515404535940812	17.30211174490828	24.05395106012327	49.242893699380616	0.8658746724158269	70.74791372548498	43.194144886435126	2.016265067164148	9	70.74791372548498	70.74791372548498	0
OK	Task[1].Optimization1[1]/Subflow[81]	81	1	1	1	2	35.61747519531305	10.503900635305506	17.32041385665319	24.05395106012327	49.2529051778733	0.8659347728889721	70.74257233300693	43.203147810420475	2.016601254576677	9	70.74257233300693	70.74257233300693	0
OK	Task[1].Optimization1[1]/Subflow[83]	83	1	1	1	2	35.61018811280641	10.522463672417684	17.303657265199483	24.089344719127254	49.25597625788512	0.8659993844998869	70.73917197057733	43.206068511199184	2.0166513813771045	9	70.73917197057733	70.73917197057733	0
OK	Task[1].Optimization1[1]/Subflow[84]	84	1	1	1	2	35.60290103029977	10.541026709529861	17.305202785490685	24.124738378131237	49.28570380486614	0.8661435685912482	70.73416418613112	43.232639100066365	2.0177037088237992	9	70.73416418613112	70.73416418613112	0
OK	Task[1].Optimization1[1]/Subflow[86]	86	1	1	1	2	35.598865516252935	10.551306735445563	17.30605867930541	24.144339035589045	49.30215944275179	0.8662234258401997	70.73344969069058	43.24733792607469	2.018289317277772	9	70.73344969069058	70.73344969069058	0
OK	Task[1].Optimization1[1]/Subflow[89]	89	1	1	1	2	35.598865516252935	10.551306735445563	17.324364737984713	24.144339035589045	49.32894200890084	0.8663030220370497	70.73274640527904	43.2710947168203	2.0192979168141343	9	70.73274640527904	70.73274640527904	0
OK	Task[1].Optimization1[1]/Subflow[96]	96	1	1	1	2	35.598080831614816	10.535074722954	17.32474777265856	24.1445221344931	49.30515385250757	0.8662746621532063	70.7327165127765	43.25013538050792	2.0183549695510665	9	70.7327165127765	70.7327165127765	0
OK	Task[1].Optimization1[1]/Subflow[102]	102	1	1	1	2	35.58908741461777	10.531213283389732	17.314215785440048	24.130569277900342	49.27187652677433	0.8661295318357947	70.73139824479131	43.22047714742694	2.0171485960818645	9	70.73139824479131	70.73139824479131	0
OK	Task[1].Optimization1[1]/Subflow[104]	104	1	1	1	2	35.59024721253192	10.531711257580602	17.313213185909007	24.132368648926732	49.27271905712199	0.8661379813266465	70.73136285809449	43.221243952928916	2.017173837890697	9	70.73136285809449	70.73136285809449	0
OK	Task[1].Optimization1[1]/Subflow[105]	105	1	1	1	2	35.62683745974445	10.531711257580602	17.313213185909007	24.132368648926732	49.309927331936464	0.8662950730606145	70.7308223363234	43.2543981852759	2.0185251957442905	9	70.7308223363234	70.7308223363234	0
