A	B	C	D	MeanLoad	MeanMass	ReliableLoad	SDLoad
43.19769858	9.709311079	12.56255493	24.58275003	49.76141807	0.878151706	43.9472362	1.938075487
43.19652441	9.680853082	16.89306622	24.0085837	55.89189609	0.894217843	49.55101907	2.113641884
43.19769858	9.709311079	12.69882683	24.27727687	49.84335742	0.877512772	44.01900047	1.941467207
43.19652441	9.676931289	16.89306622	24.0085837	55.88549719	0.894210789	49.54534252	2.113401097
43.19662478	9.602699814	12.09380793	24.01094057	48.99978306	0.873814777	43.21335324	1.928824735
43.19827361	9.70056843	12.58333291	24.00924516	49.63127141	0.875969115	43.82397839	1.935779187
43.19853772	9.621415215	15.89160019	24.00031683	54.17744059	0.88986028	47.89808274	2.093135335
43.19652441	9.705836033	16.63147114	24.00799186	55.49558224	0.893148469	49.17025253	2.108459408
43.19662478	9.611220886	12.09380793	24.0085461	49.0081012	0.8738208	43.22073048	1.92913837
28.80929552	14.37811231	17.01286182	24.00050454	46.51931963	0.842846901	40.6877011	1.94388775
28.82884326	14.24451092	16.55078008	24.00047474	45.69320102	0.840739301	39.89546053	1.932594985
43.19652441	9.684073439	16.85271263	24.0085837	55.82922931	0.894051435	49.49149081	2.112595701
28.804097	14.38472354	12.36961225	24.00044136	40.67399438	0.823309479	35.35819603	1.771946371
43.1999296	9.651022392	17.00423752	24.0120535	56.03850137	0.894666531	49.69167292	2.115625709
28.80457764	14.4076933	17.07188836	24.00162423	46.6413296	0.843134957	40.80286033	1.946171349
43.19992167	9.621913926	12.40957115	24.01030434	49.35333801	0.87512585	43.56802533	1.928452348
43.05388776	9.603803902	12.03764128	24.01669552	48.72227897	0.873077587	42.91249822	1.936608436
43.19992167	9.621913926	12.40957115	24.01030434	49.35333801	0.87512585	43.56802533	1.928452348
43.19652441	9.703989898	16.63147114	24.00799186	55.49262539	0.893145166	49.16763031	2.108347861
43.19827737	9.618533488	17.13212415	24.0027906	56.19769918	0.895115612	49.84044124	2.119102232
32.73560418	14.4095451	17.07315323	24.00558237	51.53529509	0.859693974	45.2046094	2.11024475
28.804097	14.39901376	12.36961225	24.00037392	40.68376838	0.823334192	35.36847533	1.771777939
43.19994587	9.618286108	12.40957115	24.01030434	49.3494291	0.875119398	43.56454756	1.928308633
28.80819974	14.0707925	12.03764128	24.01691573	40.18622789	0.821504763	34.85131756	1.778317081
31.79736021	14.39876268	17.14628443	24.00368808	50.40942539	0.856039957	44.16977415	2.0798997
43.1998598	9.960799247	12.64974902	24.58275003	50.1483999	0.8789515	44.29348569	1.951653037
28.80929552	14.37811231	17.01286182	24.00050454	46.51931963	0.842846901	40.6877011	1.94388775
28.8011725	9.641080717	12.24359482	24.00025224	37.26438409	0.814027615	32.21884227	1.681860174
28.8011725	9.641080717	12.24359482	24.0000431	37.26434177	0.814026801	32.21879605	1.681861471
32.26168869	14.40641128	17.0991395	24.01275359	50.95418824	0.857833621	44.67104911	2.094395774
28.80929552	14.39103972	17.01286182	24.00050454	46.53542877	0.842869728	40.70339505	1.944026148
28.80511033	14.39999927	16.87790863	24.00360808	46.3394677	0.842305956	40.52075537	1.939585652
28.82884326	14.24451092	16.55078008	24.00047474	45.69320102	0.840739301	39.89546053	1.932594985
35.29358293	14.40952858	17.25512237	24.05573177	55.08777502	0.871508282	48.42392919	2.221298978
28.80819329	14.39853583	12.2892688	24.01616113	40.61790304	0.823086553	35.30320336	1.771580148
28.8060189	14.16682808	12.02298524	24.01691573	40.24109725	0.821616677	34.90589734	1.778413611
43.19652441	9.680853082	16.89306622	24.0085837	55.89189609	0.894217843	49.55101907	2.113641884
43.19994587	9.609429309	12.40957115	24.01030434	49.33979247	0.875103403	43.55595378	1.927961018
28.80457764	14.39426425	17.07020124	24.00142684	46.62195336	0.843103406	40.78410204	1.945965367
43.19827361	9.683244621	16.42248642	24.00791853	55.12046396	0.892231946	48.81016836	2.103447999
43.19904851	9.700479888	15.8975593	24.00199989	54.30760171	0.8900363	48.0146385	2.097670492
32.73560418	14.4095451	17.07315323	24.00558237	51.53529509	0.859693974	45.2046094	2.11024475
43.19933798	9.618533488	12.13688089	24.00623576	49.06239229	0.874005436	43.277179	1.928419219
28.80511033	14.39999927	16.88793848	24.00360808	46.35448159	0.842348439	40.53492554	1.939866895
28.81313885	14.40651161	16.71738229	24.0382336	46.12235394	0.841801502	40.31377307	1.936208472
28.81209977	9.677952955	12.37920437	24.01596421	37.33370248	0.814744152	32.29460812	1.679711003
28.80775086	14.41388841	17.14628443	24.00368808	46.76678902	0.843485518	40.91798084	1.949617678
43.19642044	9.608087976	12.14289759	24.00875785	49.0533419	0.874009286	43.26919878	1.928062492
43.19827737	9.618533488	12.13688089	24.00399505	49.06009317	0.873992658	43.27475563	1.928460636
33.52682234	14.41364486	17.19532833	24.01734708	52.78625258	0.863607587	46.34835107	2.145983625
43.05388776	9.603803902	12.03764128	24.01669552	48.72227897	0.873077587	42.91249822	1.936608436
28.80404698	9.604264708	12.36786903	24.01478507	37.28843743	0.814522963	32.25225135	1.678741569
43.19827737	9.618533488	17.14739905	24.00271726	56.22391877	0.895181352	49.86444368	2.119841287
32.05289584	14.39876268	17.13100954	24.00309481	50.72089503	0.857044593	44.45591981	2.088341089
43.19642044	9.60700405	16.35387816	24.01605164	54.88870479	0.891830085	48.59425977	2.098164432
28.80094289	14.12054913	12.0349034	24.01545794	40.21374417	0.821550615	34.87994733	1.777945913
32.02151838	14.39858719	17.25818072	24.00137129	50.89718663	0.857454904	44.61431236	2.094307485
31.79736021	14.39443974	17.14628443	24.00374365	50.40346357	0.856032607	44.16402924	2.079827393
28.81219704	14.39618037	12.22015951	24.00573329	40.55843334	0.822786002	35.24172231	1.772250601
43.19827361	9.624072852	16.42248642	24.00791853	55.02735055	0.892125103	48.72750706	2.099963937
28.80511033	14.39999927	16.88793848	24.00360808	46.35448159	0.842348439	40.53492554	1.939866895
43.19982376	9.718845251	12.69267674	24.08760703	49.80177944	0.876767594	43.97971206	1.94070401
34.5102844	14.4144214	17.18963724	24.05895614	54.0239591	0.867907357	47.4711041	2.184301753
28.804097	14.40717787	12.27021744	24.04145609	40.60762995	0.823101204	35.29435656	1.771104711
43.19812317	9.609917054	16.35387816	24.01605164	54.89638461	0.891841844	48.60162572	2.098269055
33.08570333	14.41387732	17.19532833	24.0387903	52.21882631	0.861824892	45.8302441	2.129543734
43.19966409	9.699740695	15.8975593	24.00183195	54.30755714	0.890036651	48.01479535	2.097603351
43.19972852	9.876852935	12.68894435	24.66443011	50.1198832	0.879294223	44.26985554	1.950024175
32.05289584	14.39876268	17.13100954	24.01250097	50.72246187	0.857079341	44.45747928	2.088343546
33.08570333	14.41497591	17.19532833	24.04131458	52.22083131	0.86183613	45.83217883	2.129567158
28.82884326	14.24451092	16.55078008	24.00047474	45.69320102	0.840739301	39.89546053	1.932594985
28.8009041	14.40843839	12.65712694	24.83417862	41.07044715	0.827595572	35.75365919	1.772276243
28.81219704	14.39618037	12.23486566	24.00573329	40.57096111	0.822844371	35.25462484	1.77212568
28.80514175	10.56020097	12.66127017	24.03458233	37.94124227	0.817476884	32.85689866	1.694794201
28.81313885	14.40720232	17.16200318	24.0382336	46.79347017	0.84369164	40.94192132	1.950531242
28.80416795	9.646199471	12.2228802	24.0071138	37.26414738	0.813994626	32.21631689	1.682623068
43.19963741	9.684073439	16.80104598	24.00033946	55.7462022	0.893810803	49.41343957	2.110937064
34.5525516	14.4146518	17.24176953	24.00368808	54.16334684	0.868108686	47.59590719	2.189163337
28.80511033	14.39999927	16.88793848	24.00150434	46.35415961	0.842340681	40.53458972	1.939871507
43.19972852	9.876852935	12.68894435	24.66443011	50.1198832	0.879294223	44.26985554	1.950024175
43.19992266	9.610800031	12.69267674	24.06601821	49.67488501	0.876490347	43.8664162	1.936171121
35.04167328	14.41545078	17.3587726	24.13594466	55.00600055	0.871192311	48.35127399	2.218259199
28.80511509	10.6593867	12.66127017	24.15053653	38.02491488	0.818092348	32.93583122	1.696374229
32.18055993	14.39417686	17.1323729	24.00155056	50.88516937	0.85757285	44.60646083	2.092918898
28.80457764	14.41814634	17.0891903	24.00079003	46.68069827	0.843224178	40.83979114	1.946983974
43.19642044	9.60700405	16.26035268	24.00729913	54.73642985	0.891402317	48.44575659	2.096907167
43.19642044	9.60700405	16.20691895	24.0029611	54.65001872	0.891160696	48.3613774	2.09622985
32.6165493	14.4095451	17.07315323	24.00558237	51.37934758	0.859192971	45.06154349	2.105950847
28.81035903	14.37750139	16.80712264	24.00017745	46.21126098	0.841976613	40.39776879	1.937845594
43.10023491	9.601423111	12.03766013	24.02855145	48.79514528	0.873295928	42.99136465	1.934608379
34.79723872	14.4144214	17.21503039	24.05235944	54.42160919	0.869213788	47.82863886	2.19767363
31.89390772	14.41449033	17.27402801	24.00558237	50.77802361	0.857031168	44.50526472	2.090935665
35.01224942	14.41668236	17.26889583	24.00020997	54.77764263	0.870174566	48.14717772	2.210171921
28.80626969	14.41834713	12.19095868	24.00617303	40.54387567	0.822685421	35.2279424	1.771991348
28.80457764	14.39426425	17.07020124	24.00124831	46.62192597	0.843102748	40.78407359	1.945965716
28.81186623	14.38277875	16.80590003	24.00016568	46.21742311	0.841987141	40.40360434	1.937954453
28.80860466	14.39849879	12.24692972	24.01691573	40.58168443	0.822922246	35.26648713	1.771746019
43.19963741	9.68831797	16.80104598	24.00033946	55.75308338	0.893818427	49.41954345	2.111196167
43.19827737	9.614710948	17.14471869	24.0027906	56.21299072	0.895163088	49.85461742	2.119474021
28.81212473	14.39618037	12.22015951	24.00051915	40.55761873	0.822766534	35.24078832	1.772290395
28.81219704	14.39618037	12.22015951	24.00573329	40.55843334	0.822786002	35.24172231	1.772250601
28.80492507	9.989182796	12.42083501	24.05893872	37.51233698	0.815607803	32.46379304	1.682860887
28.80627422	14.41785837	12.42466495	24.02803222	40.75222867	0.823700001	35.43620057	1.772022955
32.79612505	14.41368551	17.29117536	24.01730966	52.00527143	0.860939977	45.63089761	2.124807569
28.80186947	14.4191923	17.2924702	24.62856971	47.08537456	0.846417392	41.21588386	1.956511902
43.19912484	14.41800272	12.65704423	24.61327131	56.13660747	0.886952979	49.62325011	2.171135771
34.5102844	14.4144214	17.18963724	24.01392604	54.01604603	0.867740753	47.46346443	2.184210619
28.80454283	14.40980078	12.52765838	24.10530213	40.85213217	0.824381462	35.53209685	1.773358709
28.80784203	10.17062622	12.42403625	24.00025493	37.6010324	0.815722502	32.54238003	1.68623039
28.80457764	14.39664468	17.07020124	24.00122516	46.62489825	0.843106854	40.78697046	1.945990852
34.79723872	14.4144214	17.21503039	24.05235944	54.42160919	0.869213788	47.82863886	2.19767363
28.806093	10.17062622	12.41850025	24.00025493	37.59773911	0.815692751	32.53918439	1.686197837
32.73560418	14.4095451	17.07315323	24.00558237	51.53529509	0.859693974	45.2046094	2.11024475
28.80860466	14.39776061	12.24692972	24.01691573	40.5811911	0.822920959	35.26596577	1.771755363
34.79723872	14.4144214	17.21503039	24.05235944	54.42160919	0.869213788	47.82863886	2.19767363
43.19827737	9.618533488	16.02915891	24.0027906	54.3893553	0.890441416	48.10523151	2.094723993
43.19935228	9.601469663	16.38167338	24.02416865	54.9323412	0.891980006	48.63786553	2.09817465
28.80860466	14.39849879	12.24692972	24.00958715	40.58062007	0.822895309	35.26524152	1.771806437
43.05388776	9.605446079	12.03764128	24.01669552	48.72398147	0.873080557	42.91401804	1.93666933
28.82884326	14.24451092	16.55078008	24.00050942	45.69320638	0.840739429	39.89546616	1.932594896
43.19912484	14.41902488	12.55084587	24.00337202	55.83517844	0.884244968	49.34418676	2.163680488
43.19827737	9.618533488	16.02915891	24.00063545	54.38877877	0.890432955	48.10470775	2.094706404
28.80164618	14.31396581	16.48125407	24.09108182	45.66435999	0.840792905	39.87200398	1.930800144
28.80106022	9.700332175	12.09795322	24.00027546	37.25409611	0.813564566	32.18990979	1.688075052
28.81186623	14.38277875	16.80590003	24.00016568	46.21742311	0.841987141	40.40360434	1.937954453
32.02151838	14.39821098	17.24903618	24.00137129	50.88086716	0.857414646	44.5996863	2.093743009
43.19902519	9.618263772	12.13688089	24.00399505	49.06101703	0.873994995	43.27581236	1.928416346
33.64936657	14.4191923	17.2924702	24.04238897	53.13202067	0.864648955	46.66128804	2.15692742
43.19955563	9.625807621	12.36104612	24.01634568	49.30605746	0.87495793	43.52200217	1.928033216
43.19648823	9.627523207	16.20691895	24.0029611	54.68185906	0.891198256	48.38968826	2.097406351
43.19827737	9.612751787	12.13688089	24.00399505	49.0539918	0.873982224	43.26931269	1.928241156
43.19901214	9.617618027	12.13776861	24.00399505	49.06120382	0.873997299	43.27611647	1.928377241
34.79723872	14.4144214	17.21503039	24.05235944	54.42160919	0.869213788	47.82863886	2.19767363
43.19857417	9.652626931	16.55068629	24.0019258	55.28001574	0.892695205	48.96921349	2.103616883
43.19982674	9.717388483	12.71399876	24.45821269	49.91936643	0.87831056	44.08975714	1.943218
28.80148912	9.640478656	12.09795322	24.00565266	37.22757119	0.813476763	32.16525418	1.687451944
32.79612505	14.41368551	17.29117536	24.01730966	52.00527143	0.860939977	45.63089761	2.124807569
32.36525437	14.41675318	17.2211655	24.00256111	51.3145438	0.858774717	45.00010772	2.104828166
28.80457764	14.39426425	17.07020124	24.00124831	46.62192597	0.843102748	40.78407359	1.945965716
28.80860466	14.39849879	12.24692972	24.01691573	40.58168443	0.822922246	35.26648713	1.771746019
28.80423735	10.82096375	12.64101903	24.74457621	38.22195607	0.820577421	33.13113495	1.696953387
28.80639317	14.41818966	12.5211688	25.62613079	41.04396169	0.830044517	35.75041541	1.764528961
34.79723872	14.41872788	17.26633501	24.00640806	54.51604256	0.869273692	47.91309841	2.200998261
28.80784203	14.39216678	12.42403625	24.00025493	40.73116954	0.823557292	35.41333627	1.772624683
43.19963741	9.678863405	17.18672522	24.00481609	56.39526456	0.895474224	50.01858964	2.125574608
32.11320623	14.40946662	17.20633543	24.01734708	50.94720746	0.857693665	44.66300671	2.09474965
28.80860466	14.39849879	12.24692972	24.01281121	40.58108849	0.822907159	35.26578975	1.771779836
43.19998145	9.613879227	12.0123417	24.00957427	48.93736327	0.873522733	43.14308148	1.931442078
28.80106022	9.700332175	12.037524	24.00027546	37.24009995	0.813330046	32.16643575	1.69123437
43.19982674	9.673933112	12.71399876	24.9750108	49.99648315	0.880280397	44.1633289	1.94439966
28.80006294	9.610276213	12.15386251	24.01528309	37.22819165	0.813670421	32.17457834	1.684550688
31.98785132	14.41950857	17.21871158	24.00218252	50.81382489	0.857182231	44.54059751	2.09109183
32.89104431	14.41368551	17.26511212	24.02800371	52.08573404	0.861266191	45.70596381	2.126606388
43.19984868	9.717388483	12.71399876	24.45596945	49.91884378	0.878301799	44.08927173	1.943205585
28.80081608	9.700332175	12.18725646	24.00027546	37.27693753	0.813913223	32.22401907	1.684319069
32.79612505	14.41368551	17.29117536	24.01730966	52.00527143	0.860939977	45.63089761	2.124807569
43.19857417	9.621180784	16.55068629	24.0019258	55.23007199	0.89263822	48.92486588	2.101751489
28.80423735	10.79381689	12.64030829	24.74457621	38.20425231	0.820528993	33.115436	1.696285113
35.29358293	14.40952858	17.25512237	24.00277776	55.07828103	0.871312296	48.41484821	2.221161311
43.19857417	9.652626931	16.55068629	24.00013143	55.27953489	0.892688161	48.96878017	2.103601041
28.8015166	14.41771836	12.51285019	24.21380389	40.85666286	0.824721847	35.54080521	1.77196614
28.81528186	14.41106798	12.64356345	26.69625594	41.27437527	0.834620743	35.979074	1.765113958
28.80784203	14.39216678	12.42403625	24.00097733	40.73127497	0.823559947	35.41345915	1.772618868
43.05388776	9.600834263	12.03764128	24.01561047	48.71891821	0.873067965	42.90947699	1.93649526
28.80186947	14.4191923	17.2924702	24.62856971	47.08537456	0.846417392	41.21588386	1.956511902
43.19669516	9.60700405	16.2260664	24.0029611	54.6810359	0.891242203	48.3917434	2.096446908
28.80101298	14.41905672	12.51662758	26.41361863	41.11840514	0.832979731	35.83484022	1.761201815
43.03794315	9.605446079	12.01393096	24.03826538	48.68233988	0.873011675	42.86786714	1.938172444
33.51741194	14.41925268	17.2924702	24.00089187	52.95491919	0.863937632	46.49947619	2.151830835
28.80464118	14.40688102	16.9447205	24.03419808	46.45243846	0.842712219	40.62785123	1.941543968
43.10100885	9.640785689	12.01444588	24.01528309	48.81151863	0.873227086	43.00125527	1.936769306
28.80485751	14.4191923	12.46410863	24.58486632	40.86501612	0.825913495	35.55926438	1.768597479
32.8088673	14.41102407	17.07315323	24.00558237	51.63316632	0.860004981	45.29445128	2.112921216
32.73560418	14.40561905	17.07315323	24.00557986	51.52976687	0.85968714	45.19929058	2.110174946
28.80018876	14.41965165	17.34962352	25.26057011	47.25693236	0.849026175	41.37530837	1.960556367
32.73560418	14.41715366	17.25016881	24.00558237	51.85583527	0.860469941	45.49581231	2.12002391
28.80062841	14.35889919	16.28814416	24.03257159	45.43230849	0.839845818	39.64449477	1.929286038
42.79824285	9.601649668	12.0380878	24.00034746	48.33354848	0.872032354	42.49539783	1.946065141
28.80639317	14.41818966	12.52536688	25.465094	41.02992812	0.829456088	35.73397892	1.76532994
28.80006294	9.640785689	12.16747989	24.01528309	37.24600519	0.813780661	32.19311067	1.68431109
43.19955563	9.625807621	12.36104612	24.00393935	49.30281661	0.874909345	43.51888687	1.927991364
43.19958502	14.4177896	12.69933664	25.30134361	56.33601468	0.889716452	49.80613808	2.176642228
28.80640769	14.41818966	12.5211688	25.38201953	41.0165101	0.829127046	35.71974665	1.765601355
28.80456311	14.39426425	17.07020124	24.00070544	46.62182776	0.843100684	40.78397471	1.945965941
28.81186623	14.39749172	16.80590003	24.00016568	46.2353717	0.842013073	40.42113359	1.938094232
28.80464118	14.40688102	16.9447205	24.03419808	46.45243846	0.842712219	40.62785123	1.941543968
33.45486537	14.41989832	17.2116577	24.00089187	52.72916191	0.863324063	46.29620538	2.144335289
43.19936346	9.652626931	16.55068629	24.0019258	55.28147548	0.892698197	48.97076207	2.103587268
43.1999296	14.41674628	17.2211655	24.00604978	65.38431013	0.904168458	57.99483614	2.463176888
28.80004561	14.25625544	12.01444588	24.01528309	40.29098304	0.821715087	34.95744647	1.777859157
28.80186947	14.4191923	17.2924702	24.62856971	47.08537456	0.846417392	41.21588386	1.956511902
33.51741194	14.41925268	17.2924702	24.00089187	52.95491919	0.863937632	46.49947619	2.151830835
28.80300124	14.40949538	12.76704295	26.73807949	41.39023656	0.835236088	36.08189571	1.769460517
28.80006294	9.677767076	12.4207749	24.01528309	37.34037831	0.814857053	32.30416269	1.678751414
28.80654067	14.41818966	12.64909217	25.57535009	41.16157103	0.830378795	35.85569999	1.768637242
28.81130348	14.40976188	12.75135623	26.73807949	41.38134862	0.835206599	36.07384541	1.769181302
43.19774131	9.60700405	16.29112585	24.0029611	54.78691865	0.891519678	48.49537086	2.097198678
43.19995981	9.6287433	12.64678986	24.00605866	49.62614013	0.8760972	43.82142547	1.934919727
31.35726752	14.41675318	17.2211655	24.00128103	49.97976175	0.854539313	43.77551729	2.068097347
28.80035114	14.41967135	17.34962352	25.3051469	47.26266482	0.849194607	41.3808017	1.960636079
32.42273671	14.41675318	17.19671518	24.03120608	51.35282962	0.859016571	45.03634779	2.105510092
43.1995444	9.615974088	12.45046934	24.01353418	49.39184259	0.875293234	43.60504798	1.92894633
35.29358293	14.40952858	17.25512237	24.05573177	55.08777502	0.871508282	48.42392919	2.221298978
28.80860466	14.39849879	12.24692972	24.0024064	40.57957575	0.82286892	35.26401911	1.771865802
43.1998654	9.725525663	12.72753733	24.42276611	49.93580864	0.878241709	44.10398898	1.943954795
28.81000295	14.41824928	17.20034398	24.01734708	46.86026098	0.843785469	41.00317433	1.952377191
43.19955563	9.6076686	16.70183157	24.00190612	55.45838401	0.893256906	49.14675737	2.103891681
28.80626444	14.41916379	12.50686278	24.06737439	40.83499236	0.824180601	35.51557545	1.773152566
43.06908832	9.603088574	12.01393096	24.03826538	48.7281036	0.87312592	42.91775112	1.936799015
43.19935228	9.601469663	16.38167338	24.00013658	54.92590041	0.891885596	48.63204948	2.097966401
43.03794315	9.604470904	12.01393096	24.03826538	48.68133254	0.873009913	42.86696784	1.93813643
31.99310343	14.41687177	17.04642789	24.00012609	50.52281423	0.856451422	44.27539485	2.082489098
28.80637555	14.41661209	12.52620937	24.74457621	40.94319859	0.826761985	35.63607808	1.769053735
43.10100885	9.640785689	12.01444588	24.01528309	48.81151863	0.873227086	43.00125527	1.936769306
28.80101298	14.41905672	12.51662758	25.84364059	41.0596288	0.830824177	35.76991684	1.763250843
35.01224942	14.41689706	17.26889583	24.00020997	54.77796946	0.870174937	48.14748986	2.210176819
43.19984069	9.629456368	15.93007055	24.00017331	54.25220416	0.890040802	47.97014706	2.094035093
28.80628388	14.41818299	12.43155325	24.00412308	40.75529619	0.823640605	35.43841528	1.772307229
34.1192606	14.4191923	17.29192301	24.04238897	53.72944186	0.866637126	47.20385279	2.175213038
43.19995981	9.897859896	12.64389028	24.05117965	49.9372803	0.876734831	44.09850243	1.946274216
31.35726752	14.41675318	17.2211655	24.00128103	49.97976175	0.854539313	43.77551729	2.068097347
28.81027912	14.06815385	12.05769836	24.00677579	40.19946465	0.821549169	34.86604587	1.777819894
34.5102844	14.4144214	17.18963724	24.01723912	54.01663013	0.867753006	47.46402906	2.184217105
28.81081435	14.38151467	16.84575527	24.00016568	46.27406561	0.842148866	40.45748202	1.938876068
43.19997552	9.690062316	12.64678986	24.00544136	49.69462697	0.876204665	43.88240355	1.937422667
32.11320623	14.41251223	17.20633543	24.01744366	50.95148007	0.857699319	44.66712337	2.094801634
43.1999296	14.41674628	17.2211655	24.00595332	65.38428968	0.9041681	57.9948179	2.463176152
28.80581905	9.775487984	12.47647482	24.01528309	37.41357101	0.815285228	32.37410666	1.679834333
42.92131514	9.60972968	12.00752845	24.00838372	48.49600199	0.872431954	42.66694135	1.943035113
43.19642044	9.60700405	16.20691895	24.0029611	54.65001872	0.891160696	48.3613774	2.09622985
43.19772033	9.606594625	16.61383668	24.0029611	55.30885358	0.892879433	49.0026593	2.102080883
28.80842036	14.06226983	12.02487271	24.00654684	40.16925916	0.82140198	34.8326088	1.778897098
33.45486537	14.41989832	17.2116577	24.00089187	52.72916191	0.863324063	46.29620538	2.144335289
28.80004561	14.25625544	12.01444588	24.01528309	40.29098304	0.821715087	34.95744647	1.777859157
43.19961247	9.612751787	12.21058376	24.04415193	49.14132198	0.874437815	43.35916311	1.927401074
43.19984189	9.629636412	12.68933749	25.28311161	49.99080091	0.881327432	44.15998802	1.943619202
32.11320623	14.40953673	17.20633543	24.01644209	50.94715473	0.857690444	44.66295153	2.094750466
34.67280527	14.41675318	17.22359734	24.04341981	54.28752673	0.868692103	47.70834395	2.193077746
28.80101298	14.41933301	12.51662758	26.41361863	41.1185893	0.83298018	35.83503538	1.761198146
43.19840286	9.612751787	12.13688089	24.00399505	49.05419455	0.873982698	43.26953258	1.928235444
28.80581905	10.01708473	12.59173766	24.01492226	37.58863909	0.816183521	32.53776632	1.683637165
43.1999296	14.41671887	17.22603206	24.0020727	65.39466143	0.904174868	58.00413557	2.463527514
28.80639317	14.41818966	12.5211688	25.62613079	41.04396169	0.830044517	35.75041541	1.764528961
31.99310343	14.41687177	17.04642789	24.00012609	50.52281423	0.856451422	44.27539485	2.082489098
43.1995444	14.37742934	12.43799236	24.0058741	55.59240505	0.883721063	49.11916067	2.157764677
43.19986486	9.60677603	12.09855707	24.0029611	49.01188944	0.873821861	43.22583943	1.928698129
43.19984189	9.629636412	12.66697738	25.28311161	49.96473907	0.881234395	44.13663338	1.942716794
43.10135994	9.603088574	12.00674181	24.03625092	48.77111506	0.873212569	42.96410929	1.935683435
43.19983357	9.60700405	16.8055111	24.04845867	55.64213684	0.893880165	49.32171396	2.106823783
43.19937061	9.630176534	15.93007055	24.00016457	54.25243779	0.890040292	47.97020474	2.094093745
43.1999296	14.41674628	17.2211655	24.00595332	65.38428968	0.9041681	57.9948179	2.463176152
43.1995444	9.602198047	12.45719407	24.01353418	49.38418152	0.875295825	43.59862373	1.928534055
32.79148603	14.41852843	17.31040873	24.00014838	52.03739808	0.860949033	45.65944912	2.125999292
43.19672896	9.60552733	16.41603448	24.00048674	54.98294821	0.892029135	48.68665185	2.09878155
28.80903753	14.41944396	12.66026482	25.71239261	41.19053446	0.830953462	35.88476444	1.768603569
28.80842036	14.06226983	12.02485495	24.00654684	40.16924598	0.821401911	34.83259361	1.778897766
32.11320623	14.40953673	17.20633543	24.0157292	50.94703597	0.85768781	44.66283367	2.094750166
33.45486537	14.41989832	17.2116577	24.00089187	52.72916191	0.863324063	46.29620538	2.144335289
28.80182988	14.4191923	12.66559295	25.42177456	41.15736454	0.829851258	35.84851519	1.769630021
33.06985361	14.40994666	17.08209465	24.04848081	51.99451817	0.861299688	45.62594008	2.122875643
43.19643775	9.613867955	16.20691895	24.0029611	54.6606575	0.891173257	48.37083639	2.096623115
33.64936657	14.41811141	17.29341743	24.01260233	53.12701871	0.864541059	46.65629901	2.156923108
28.80845328	14.41257285	12.52958325	24.32360059	40.88956564	0.825216085	35.57367011	1.771978766
28.80186947	14.41926727	17.27592713	24.76654027	47.07832155	0.84686079	41.2116548	1.955570583
42.98927346	9.613661126	12.00202561	24.01069703	48.59788202	0.872686544	42.77559681	1.940776623
43.19889335	9.60972968	16.55990948	24.01370688	55.23069867	0.892703833	48.92676269	2.10132811
28.8005123	14.40500122	12.48535045	24.33506422	40.83814161	0.825031539	35.52630982	1.770624173
42.92131514	9.60972968	12.01917721	24.00838372	48.50698779	0.872477409	42.67915835	1.94262471
43.19984189	14.41578367	12.68347095	25.28311161	56.30300913	0.889579032	49.77658217	2.175492339
28.80637555	14.41660993	12.60215066	24.4598339	40.97852574	0.826015414	35.65990151	1.772888339
32.42273671	14.41675534	17.12806124	24.03120608	51.23379226	0.858720823	44.92841249	2.101809377
28.80001547	14.41981275	17.32579021	24.76654027	47.15538143	0.847070014	41.27992909	1.958499135
28.80101298	14.40834621	12.51662758	26.41361863	41.11125123	0.832962297	35.82726676	1.761341664
28.80133871	14.41981275	12.51408854	24.45306572	40.89191266	0.82561425	35.58106535	1.770296015
32.98732808	14.40973053	17.15651054	24.02145268	52.01295964	0.861171435	45.64204642	2.123654024
43.19984189	14.41578367	12.68347095	25.28311161	56.30300913	0.889579032	49.77658217	2.175492339
43.06908832	9.603088574	12.01393096	24.03826538	48.7281036	0.87312592	42.91775112	1.936799015
43.1995444	14.41986848	12.61423072	24.01353418	55.94784777	0.884548354	49.44652999	2.167122547
43.1995444	9.61903746	12.34141346	24.01353418	49.27695246	0.87485513	43.4942423	1.927584836
43.18876473	9.603439814	12.03760624	24.0000849	48.93027099	0.873523112	43.13820964	1.930701923
28.80903753	14.41919582	12.53969717	25.71735804	41.07432327	0.83047662	35.78010599	1.764752627
33.65479321	14.41794381	17.29341743	24.04905574	53.14003598	0.864698535	46.66852933	2.157185427
28.80186947	14.4191923	12.46410863	26.38701575	41.06728419	0.832668766	35.78697029	1.760118131
28.8169897	14.41661209	12.46593324	27.17938192	41.15521347	0.835747199	35.87986691	1.758462339
32.11320623	14.40225158	17.20633543	24.0157292	50.93684474	0.857675121	44.65301964	2.094624429
43.1999296	14.41674628	12.31072789	24.0023552	55.43197841	0.88325691	48.96992229	2.154035226
28.80186947	14.4191923	17.27514105	24.28355043	47.00931721	0.845059704	41.14250733	1.955618293
43.1995444	9.602198047	12.45719407	24.01353418	49.38418152	0.875295825	43.59862373	1.928534055
28.80637555	14.41918503	12.52620937	24.74457621	40.9449692	0.826766362	35.63794469	1.769021738
28.80001547	14.41981275	17.17252785	24.68998231	46.90581829	0.846121968	41.05615856	1.949901528
43.19672896	9.602186881	16.28683249	24.00045373	54.7700269	0.891479157	48.47942163	2.096884504
43.19067076	9.626024043	12.34760542	24.0000849	49.27318074	0.874806611	43.48843716	1.928262648
28.80204455	14.41485408	12.47884551	26.8588111	41.12418098	0.834513538	35.84728761	1.758977948
28.80156405	14.41688409	16.20216371	24.0284373	45.37760819	0.83957803	39.59074979	1.928967595
28.80632403	14.41476358	17.00100839	24.05895614	46.55275115	0.843063924	40.72213361	1.943554086
31.71603465	14.40450356	17.09932693	24.00093486	50.23021853	0.855496908	44.0060853	2.074726987
28.80185185	14.41905672	12.75509626	26.45440866	41.35610341	0.834120098	36.04745209	1.769564012
33.25660192	14.41989832	17.2116577	24.00089187	52.472514	0.862486789	46.06183836	2.136908268
28.80156405	14.41800144	16.20216371	24.0284373	45.37888145	0.839579981	39.59200465	1.928973727
28.81081435	14.38151467	16.84575527	24.00315607	46.2745239	0.842159895	40.45796039	1.938869374
28.80186947	14.4191923	17.27514105	24.59520617	47.05361629	0.846218008	41.18719458	1.9554889
43.19955047	9.620042177	12.46170916	24.01284517	49.40850558	0.875343861	43.6205731	1.929325622
43.19067076	9.626024043	12.34760542	24.0000849	49.27318074	0.874806611	43.48843716	1.928262648
28.80001547	14.41993568	17.31502075	24.09509028	47.04289966	0.844528456	41.16865552	1.958096398
43.19671165	9.607042867	12.3695534	24.00417086	49.28707124	0.87490015	43.50468825	1.927475781
43.19672896	9.602186881	16.11484112	24.00005768	54.49618375	0.890754878	48.21170568	2.09484209
33.06442697	14.41439637	17.07875682	24.00135291	51.97992975	0.861096001	45.61231869	2.122553298
28.80581905	10.01708473	12.6006327	24.04412806	37.59826078	0.816333068	32.54767681	1.683540903
33.21994992	14.40233751	17.08715596	24.00008957	52.17880942	0.861762398	45.79349024	2.128456051
43.10165414	9.603088574	12.05742103	24.01847221	48.81552731	0.873342304	43.01360283	1.933989662
33.64936657	14.40978832	17.29341743	24.01260233	53.11478251	0.864526645	46.64457138	2.156753581
28.80840805	14.41468634	16.60844559	24.00654684	45.96263276	0.841220958	40.16033504	1.934114074
43.19955563	9.604398212	17.09155298	24.00669518	56.10829577	0.894934934	49.75930743	2.116345676
28.8005123	14.40500122	12.48535045	24.33506422	40.83814161	0.825031539	35.52630982	1.770624173
34.75621596	14.41757462	17.22359734	24.01336824	54.38545395	0.868937382	47.79604106	2.196487811
33.21936785	14.41687177	17.04642789	24.00046949	52.12722961	0.861611945	45.74700485	2.126757896
28.80101298	14.41905672	12.75509626	26.02677183	41.31178993	0.832497447	35.99920588	1.77087493
28.80000362	9.640785689	12.38805549	24.01255673	37.3102764	0.814646139	32.27419022	1.678708265
33.64936657	14.41811141	17.16936891	24.01127108	52.90216113	0.863998969	46.45455303	2.149219183
43.19987234	14.41418429	12.54558657	24.00993604	55.82268542	0.884242206	49.33278673	2.163316154
28.80903753	14.41919582	12.53969717	25.71735804	41.07432327	0.83047662	35.78010599	1.764752627
43.19955047	9.676800389	12.25840829	24.00003665	49.24777354	0.874571275	43.45923476	1.929527723
43.19672896	9.603405839	12.16232479	24.0002568	49.06620646	0.874045807	43.28359771	1.927551034
43.19955563	9.6076686	17.04837046	24.00190612	56.03879005	0.894736131	49.69490933	2.114643124
28.80037777	14.41800144	16.20216371	24.00728748	45.3745183	0.839496983	39.58764757	1.928971705
28.80186947	14.4191923	17.33392045	25.26214492	47.2335123	0.84897018	41.35468391	1.959624492
43.19955563	9.604398212	17.09155298	24.00669518	56.10829577	0.894934934	49.75930743	2.116345676
32.94789297	14.41439637	17.24956019	24.02748748	52.13368093	0.861437639	45.75055153	2.127726118
34.10740906	14.40952858	17.25512237	24.05231199	53.63406693	0.866447024	47.11781434	2.172100857
28.80186947	14.41970727	17.27514105	24.28355043	47.00996878	0.845060599	41.14314278	1.955623666
43.19937061	9.665821589	15.93007055	24.00016457	54.30640806	0.890104676	48.01813661	2.09610656
28.80860466	14.41776964	12.24692972	24.01691573	40.59451447	0.822955736	35.28007208	1.77149438
31.99310343	14.41956219	16.99928299	24.00012609	50.44691092	0.856254606	44.20538266	2.080525375
28.81701461	14.41848353	12.5017312	26.26402188	41.10171798	0.832419122	35.81527477	1.76216125
28.80903753	14.41919582	12.48490456	24.57019227	40.88574145	0.825961268	35.57788478	1.769299126
42.91696354	9.60972968	12.00752845	24.00838372	48.48950704	0.872415282	42.65995878	1.943197658
43.18853456	9.628395337	16.31587869	24.00025699	54.84233248	0.891617157	48.54515449	2.099075426
43.19955563	9.604398212	17.09155298	24.00481027	56.10778815	0.894927526	49.75885396	2.116327628
33.45486537	14.41989832	17.2116577	24.00089187	52.72916191	0.863324063	46.29620538	2.144335289
33.35324482	14.41977314	17.2116577	24.00089187	52.59764385	0.862894585	46.17614744	2.140515219
43.19986845	14.41418429	12.54558657	24.00993604	55.82267827	0.884242191	49.33277916	2.163316292
43.19997967	9.60677603	12.03052686	24.0029611	48.94570944	0.873555055	43.15411024	1.930547872
35.29358293	14.41235904	17.25512237	24.05573177	55.09211399	0.871513162	48.42806853	2.221365525
32.35268132	14.41910197	17.18972689	24.0313183	51.25137548	0.85869642	44.94354514	2.102626236
33.45486537	14.41990219	17.2116577	24.01308867	52.7312678	0.863369146	46.29826461	2.144350841
28.80042555	14.41955155	17.32579021	25.38399762	47.23468102	0.849387965	41.35707755	1.959216182
43.1999296	14.4181045	12.44687854	24.01259162	55.66141745	0.883852243	49.18507178	2.158798449
43.19992055	9.64477002	12.68933749	24.15635552	49.73247929	0.876891981	43.91914401	1.937793287
43.19955563	9.607103094	16.7562748	24.01553507	55.55117576	0.893540516	49.23543587	2.105262775
28.80006294	9.641373956	12.48337467	24.79047989	37.49294706	0.818078877	32.47021043	1.674258383
28.80112818	14.41919582	12.5063964	24.36484287	40.87217247	0.825254385	35.56006454	1.770716223
28.81081435	14.38151467	16.64500979	24.00016568	45.97784431	0.84130287	40.17408847	1.934600114
31.99310343	14.41687177	17.04642789	24.00012609	50.52281423	0.856451422	44.27539485	2.082489098
28.80000362	13.98712438	12.03278057	24.00121076	40.1139541	0.821235742	34.77916505	1.778276656
28.80204455	14.41738771	12.47884551	26.8588111	41.12584683	0.834517607	35.84905629	1.758943671
28.80001547	14.41981275	17.32579021	24.76654027	47.15538143	0.847070014	41.27992909	1.958499135
31.30564016	14.41675318	17.18299787	24.00128103	49.84761772	0.854158165	43.65547202	2.064064395
43.19987125	14.41674628	12.33549036	24.00054943	55.47212075	0.883350473	49.0079295	2.15474694
28.80840805	14.41468634	16.60844559	24.00654684	45.96263276	0.841220958	40.16033504	1.934114074
28.80809677	14.41468634	16.60844559	24.045526	45.96823709	0.841363381	40.16628338	1.933999401
33.25660192	14.41989784	17.20641346	24.00089187	52.46314568	0.862464119	46.05340342	2.136597139
28.80001547	14.41993317	17.33103444	24.76654027	47.16379656	0.847092999	41.28734127	1.958833454
28.80507164	14.41919582	12.53969717	25.9541842	41.09655625	0.831353073	35.80570554	1.763630428
32.7128979	14.41846626	17.20633543	24.0157292	51.75229725	0.860224496	45.40255876	2.116595729
43.19985711	9.603802656	16.61710585	24.00856637	55.31521928	0.892918293	49.00942273	2.101948303
43.19995551	9.629636412	12.68933749	24.59547243	49.82631907	0.878595618	44.00841013	1.939317855
43.19625926	14.41917848	12.48017991	24.00989608	55.71154523	0.883967083	49.23043541	2.160386509
43.19982674	9.610235727	12.62635553	24.01642407	49.58445578	0.876019187	43.7840247	1.933491855
28.80096111	10.43919905	12.48715229	24.83530448	37.92753408	0.819651242	32.86789317	1.686559903
33.06442697	14.41404287	17.07875682	24.00135291	51.97942762	0.861095389	45.61183585	2.122546868
43.19955563	9.600037711	17.08967799	24.00669518	56.0978927	0.894918888	49.74995991	2.115993825
28.80101298	9.729004441	12.54352085	24.00306538	37.40935121	0.815404701	32.37216871	1.67907371
28.80015096	14.41747806	12.0856702	24.00760501	40.45202016	0.822249488	35.13068388	1.773792361
31.82499751	14.40224993	17.20704798	24.00192651	50.55394771	0.856417353	44.30129503	2.084233543
43.19955563	9.6076686	16.70183157	24.00190612	55.45838401	0.893256906	49.14675737	2.103891681
28.80266664	14.41989039	12.65891894	24.50218611	41.03875954	0.826395739	35.71605568	1.774248224
43.19984189	9.695323457	12.68933749	25.28311161	50.06365747	0.881441221	44.22485538	1.94628229
28.80845328	14.41888398	12.00586842	24.03017588	40.39927406	0.822059901	35.06949945	1.776605164
28.80139882	14.41962193	17.11184296	24.03117112	46.71864813	0.843422252	40.8755353	1.947719215
31.35726752	14.41675318	17.2211655	24.00128103	49.97976175	0.854539313	43.77551729	2.068097347
32.42273671	14.41675318	17.17914625	24.03120608	51.32228806	0.858940772	45.00875929	2.104525728
28.80186947	14.41970727	17.27514105	24.28355043	47.00996878	0.845060599	41.14314278	1.955623666
28.81658819	14.40431195	16.77158329	24.00319407	46.19798392	0.841911473	40.38516734	1.937620387
28.80108394	9.70450692	12.19135716	24.01013519	37.2821948	0.813976501	32.22973424	1.684166435
28.8026344	14.41988684	17.34585902	25.42963776	47.27465178	0.849657147	41.39248517	1.96073724
28.80250233	9.752160031	12.24753197	24.00249945	37.32060097	0.814261864	32.27158201	1.683019225
43.19999051	9.605463107	12.46170916	24.0096501	49.39243553	0.875306671	43.6063231	1.928718935
43.1998338	9.60700405	16.8055111	24.04845867	55.64213727	0.893880166	49.32171442	2.106823774
28.80006434	14.41905535	17.32579021	25.97802909	47.30345248	0.851630417	41.42207152	1.960475356
33.21463791	14.41989784	17.20641346	24.02183229	52.41220938	0.862364409	46.00707892	2.135059859
43.19693205	14.41917848	12.48580464	24.01080318	55.72245449	0.88399611	49.24064894	2.16061842
43.1999296	9.606205675	12.30285745	24.00920594	49.22170878	0.874660678	43.44124084	1.926837423
28.80000362	10.1301988	12.64129281	24.07771317	37.68257801	0.816802331	32.6262486	1.685456062
43.1999739	9.629636412	12.63735042	24.24558196	49.67818727	0.876999772	43.87144322	1.935596195
43.19982674	9.610235727	12.62635553	24.01642407	49.58445578	0.876019187	43.7840247	1.933491855
43.19970783	14.41799176	12.68011997	24.00920594	56.05897827	0.884804238	49.54607812	2.170983367
43.19955563	9.603841034	16.27482518	24.00076747	54.75865201	0.89144363	48.46851943	2.09672694
43.19984189	9.611979913	12.68933749	24.05079715	49.66821918	0.876418595	43.86017389	1.936029945
43.19672896	9.602186881	16.28683249	24.00045373	54.7700269	0.891479157	48.47942163	2.096884504
28.80250233	9.70584716	12.24507371	24.00249945	37.2973309	0.814167451	32.24969282	1.682558931
28.80021708	14.40996448	12.46624388	24.00318535	40.77670682	0.823737811	35.45873084	1.772672254
28.80053198	14.41779304	12.45878085	24.33506422	40.8222987	0.824945718	35.5124229	1.769972174
43.19992986	14.41819195	12.63699963	25.27189789	56.22354613	0.889347056	49.7058053	2.172596939
43.1999296	9.606205675	16.47174708	24.00559614	55.08143106	0.89229738	48.78278425	2.099565039
28.81059548	14.41582201	12.53378634	24.00928811	40.85304579	0.824089353	35.52966164	1.774474992
28.811709	9.720883885	12.37585804	24.00068131	37.35078916	0.814748539	32.30980921	1.680339536
28.80101298	9.682579458	12.3027756	24.00306538	37.30251439	0.814349717	32.26025317	1.680766629
28.80139882	14.41962193	16.58066449	24.03117112	45.92465288	0.841174028	40.12493727	1.933253365
28.80006294	9.640785689	12.13554116	24.01348625	37.23755572	0.813648477	32.18069911	1.685631795
28.80006294	9.648505125	12.16747989	24.01528309	37.24964972	0.813794982	32.19651968	1.684389599
42.91696354	9.60972968	12.00752845	24.00838372	48.48950704	0.872415282	42.65995878	1.943197658
28.80903753	14.41919582	12.48490456	24.57059961	40.8857949	0.82596278	35.57794599	1.76929654
28.80190171	14.41919396	12.65891894	24.00255852	40.96803605	0.824546785	35.63492779	1.777716386
28.80101298	9.729004441	12.46526889	24.00306538	37.38020151	0.815087274	32.34274177	1.679166122
33.45486537	14.4199214	17.2116577	24.0081884	52.73045234	0.863351068	46.29746686	2.144344938
43.19984189	14.41773577	12.68278681	25.28311161	56.30433246	0.889579329	49.77794035	2.175480718
32.94789297	14.41439637	17.24837771	24.01137612	52.12884251	0.861372966	45.74598403	2.12763581
33.45486537	14.41990219	17.21284018	24.02920013	52.7361612	0.86343382	46.30288164	2.144442963
28.80096111	10.42861777	12.48715229	25.17777367	37.9794854	0.820974633	32.92416775	1.685118805
31.71603465	14.41151922	17.09932693	24.00003065	50.2396766	0.855505796	44.01520886	2.074838493
35.29358293	14.40952858	17.25512237	24.05237651	55.08717574	0.871495858	48.42335686	2.221289993
43.19983	9.606205675	12.30285745	24.00587591	49.22067634	0.874647259	43.44022782	1.926830953
42.91696354	9.605598931	12.00752845	24.00838372	48.48526162	0.872407813	42.6561682	1.943046042
34.91305412	14.41989056	17.27990092	24.00182621	54.68348217	0.869811086	48.0631326	2.206800115
42.82803371	9.60972968	12.05712344	24.00838372	48.40528703	0.87226777	42.57098003	1.944783913
28.80277469	14.41555122	12.11516825	24.00175822	40.47586668	0.822351193	35.15613533	1.773257382
28.80140952	14.4197494	17.11184296	24.05229041	46.7220304	0.843500452	40.87902508	1.947683376
28.80189101	14.41962389	12.65891894	24.51206301	41.03926632	0.826428619	35.71685586	1.774150423
28.80096111	10.42861777	12.48715229	24.64021204	37.88733975	0.818872393	32.82587489	1.687167891
28.80039202	14.39578056	16.33283718	24.00585429	45.53445491	0.839997922	39.74432198	1.93005911
28.80866315	14.41395083	17.06166716	24.02667446	46.64154349	0.843212027	40.80355002	1.946012748
43.19980302	9.6076686	12.47325663	24.01790034	49.4094456	0.875389538	43.62224129	1.929082898
28.80101106	9.819905112	12.54352085	24.02696348	37.46190633	0.815662563	32.42149906	1.680148642
28.80186947	14.41970727	17.32443008	24.28355043	47.0873243	0.845274207	41.21161711	1.958584083
31.86947745	14.40952918	17.1961192	24.0347253	50.60970081	0.856690704	44.35365592	2.085364291
28.80101298	9.640002629	12.54352085	24.00306538	37.36308128	0.815240611	32.32920989	1.677969999
43.19625926	14.41917848	12.48017991	24.00989608	55.71154523	0.883967083	49.23043541	2.160386509
43.19955563	9.603841034	16.27482518	24.00009792	54.75847249	0.891441001	48.46835696	2.096721257
43.19986292	9.606762339	12.09855707	24.00302689	49.01188911	0.873822087	43.22583978	1.928697901
43.19986486	9.60666199	12.03620092	24.00092044	48.95034546	0.873568628	43.15930211	1.930362588
43.10165414	9.603202616	12.04680083	24.01847221	48.80539104	0.873300858	43.00252319	1.934304119
43.19960463	9.60552733	16.50909768	24.00142124	55.13928205	0.892436069	48.83906487	2.1000885
28.80001547	14.41981275	17.34545161	24.76654027	47.18638666	0.847155459	41.30714536	1.95976213
28.80083605	10.55277751	12.53047438	24.4888937	37.95300627	0.818668118	32.88132724	1.690572641
43.19970783	14.41799176	12.68011997	24.00920594	56.05897827	0.884804238	49.54607812	2.170983367
43.19986997	9.606188116	12.62588468	24.16378139	49.61775034	0.876588208	43.81610307	1.933897258
43.19625926	14.41917848	12.47645641	24.00422236	55.70410701	0.883930779	49.2235215	2.160211735
43.19955563	9.60267912	16.70183157	24.00209594	55.45042762	0.893248551	49.13968961	2.103595468
28.80000362	10.1301988	12.64129281	24.07771317	37.68257801	0.816802331	32.6262486	1.685456062
42.91696354	9.609289477	12.00752845	24.00838372	48.48905458	0.872414487	42.65955481	1.943181492
28.80005355	14.41980989	12.13552653	24.0311661	40.49748986	0.822534993	35.1803987	1.77237731
43.19997419	9.701996678	17.30905632	24.0000962	56.64695424	0.896030845	50.24473347	2.134089957
28.80123564	14.39578056	16.378253	24.04625343	45.6063187	0.840340144	39.81498674	1.930458792
33.45486537	14.41947408	17.25664679	24.05536763	52.81893288	0.86371956	46.37741592	2.147188785
28.80099801	14.32100664	16.57300627	24.00306538	45.79085893	0.840861986	39.99404613	1.932285753
33.38773374	14.41454821	17.11400156	24.00340075	52.46087266	0.862619448	46.05209535	2.136275485
28.80139882	14.41965741	17.11184296	24.03117112	46.71869243	0.843422314	40.87557856	1.947719561
43.19957581	9.60666199	16.27012976	24.00093121	54.75560454	0.891429749	48.4651549	2.096832625
43.19671165	9.607318766	12.12724603	24.00399505	49.03610804	0.873928341	43.251317	1.928278469
28.80109243	14.41962193	12.48744893	24.03117112	40.80784381	0.823947311	35.48956818	1.772772142
28.80190171	14.41919396	12.55251547	25.40228621	41.04568283	0.829313803	35.74746598	1.766085828
32.94789297	14.41483595	17.24956019	24.03820062	52.13612844	0.861478009	45.75293984	2.127745851
34.1192606	14.41874856	17.26564569	24.02856793	53.67791135	0.866471056	47.15773209	2.173409753
28.80096111	10.43919905	12.48715229	24.83530448	37.92753408	0.819651242	32.86789317	1.686559903
28.80096111	10.42861777	12.48715229	25.17777367	37.9794854	0.820974633	32.92416775	1.685118805
28.81385292	14.41582201	12.24754293	24.00310328	40.59581288	0.822926277	35.28019151	1.771887378
43.19983	9.606205675	17.28282985	24.00587792	56.44149771	0.895765267	50.06212721	2.12647314
34.1192606	14.41335644	17.19455486	24.01264507	53.53669528	0.866094927	47.03032663	2.168806183
31.77601682	14.41151922	17.17164569	24.00000174	50.44129137	0.85606821	44.19935058	2.080662885
42.82803371	9.60972968	12.05712344	24.0001221	48.40314257	0.872235426	42.56890301	1.944761436
28.80000362	9.607579768	12.01446364	24.00868276	37.1940523	0.813097431	32.1192953	1.691598639
28.80126911	14.41973897	17.28188815	25.45754888	47.17573345	0.849478582	41.30574778	1.956676896
28.81086578	9.602617188	12.49242087	24.01680999	37.33392807	0.815058844	32.30035034	1.67787211
28.81086578	9.615563044	12.4432642	24.04177378	37.32841923	0.814981447	32.29408416	1.678124557
28.80156405	14.41688409	16.2220965	24.0284373	45.40584675	0.839661138	39.61844954	1.929147196
34.2782566	14.41940338	17.24956019	24.02748748	53.84851972	0.867073149	47.31245272	2.178705709
43.19963075	9.661229493	17.19948704	24.00142124	56.38705701	0.895484416	50.01176612	2.125113261
43.19983	9.606205675	12.30285745	24.00587591	49.22067634	0.874647259	43.44022782	1.926830953
28.80318849	14.41574297	12.60994804	27.41742492	41.30249512	0.837183846	36.01895379	1.761193949
28.80277469	14.41555122	12.11516825	24.00175822	40.47586668	0.822351193	35.15613533	1.773257382
28.80101298	9.682579458	12.3027756	24.00306538	37.30251439	0.814349717	32.26025317	1.680766629
43.19986486	9.610643109	12.02312047	24.00114413	48.94195068	0.873525537	43.14919081	1.930934765
28.80102777	9.606659169	12.08807878	24.0093833	37.21014839	0.813387878	32.14747795	1.687569758
43.19992986	14.41896306	12.63699963	24.03467006	55.99101629	0.884721203	49.48574344	2.168440912
28.80064543	14.41684005	16.68025642	24.00429807	46.06233213	0.841485106	40.2575515	1.934941714
31.35726752	14.41936487	17.25598349	24.00128103	50.04223624	0.854694419	43.83175676	2.070175702
28.80006434	14.41905535	17.32579021	25.91181172	47.29594414	0.851379514	41.41506407	1.960308392
43.19986997	9.606188116	12.62588468	24.16378139	49.61775034	0.876588208	43.81610307	1.933897258
28.80156682	14.41917081	12.66024198	24.02749029	40.97267892	0.824642421	35.64006036	1.777553152
43.19963271	9.606176634	12.43895766	24.00567384	49.36659521	0.875198044	43.58169252	1.928315687
43.19983	9.607728932	12.29749176	24.00940801	49.2175829	0.874642215	43.43697313	1.926884699
28.80277469	14.41555122	12.11516825	24.00175822	40.47586668	0.822351193	35.15613533	1.773257382
34.91305412	14.41989056	17.27990092	24.00182621	54.68348217	0.869811086	48.0631326	2.206800115
28.80263375	14.41661209	12.48563014	24.44569645	40.86307599	0.825471067	35.55360136	1.76983845
34.1192606	14.41980272	17.32606003	24.04658265	53.79423609	0.866802328	47.26139318	2.177631002
43.19986878	14.41674237	12.71160234	24.00210615	56.11112161	0.884908024	49.59239758	2.172924675
28.8082951	14.41764224	12.31314658	24.0280729	40.65348322	0.823259467	35.33976911	1.771251621
43.19830292	9.632031921	12.63699963	24.54365183	49.75269625	0.878171329	43.94112545	1.937205126
28.80253564	14.37721363	16.83183541	24.00016568	46.23968465	0.842047205	40.42571783	1.938003802
32.94789297	14.41439637	17.24956019	24.02748748	52.13368093	0.861437639	45.75055153	2.127726118
28.80280584	14.41556097	12.11516825	24.00033843	40.47569082	0.822346126	35.15591926	1.773270786
28.80317167	14.41573323	12.62537954	27.41742492	41.31750173	0.837247287	36.03231914	1.76174104
31.86917334	14.41553349	17.20633543	24.11144136	50.64768316	0.857027648	44.38955241	2.08605958
28.80186903	14.41923442	12.44190482	24.01650343	40.76386445	0.823711138	35.44751299	1.772130744
28.80099801	14.41690556	16.34419088	24.00133351	45.57506995	0.840068271	39.78403495	1.930359805
28.80000362	9.601260802	12.35665947	24.00303526	37.27867462	0.81440948	32.24232031	1.678797647
35.13078411	14.41989056	17.27946208	24.00088938	54.94540856	0.870734098	48.29736239	2.216032387
43.19826517	9.602170335	12.00028683	24.00345135	48.90932468	0.873424113	43.11487443	1.931498232
28.80015735	10.09138169	12.67193359	24.00306538	37.66011266	0.816572107	32.60327846	1.685624326
33.1661814	14.41454821	17.20521607	24.00340075	52.33618526	0.862077398	45.93702486	2.133069824
43.10165414	9.603202616	12.04680083	24.01847221	48.80539104	0.873300858	43.00252319	1.934304119
43.19984111	9.769842134	12.63699963	24.54365183	49.9087408	0.878418737	44.08041304	1.942790819
43.19964707	9.628029405	16.5181234	24.00174682	55.18975396	0.892516535	48.88511217	2.101563383
32.30161651	14.41800272	17.19126108	24.06310402	51.19022695	0.858604032	44.88766541	2.10086996
28.80190171	14.41935993	12.56961578	24.00668601	40.88234331	0.824195541	35.55757105	1.774937697
28.80253564	14.41817566	16.6786817	24.00016568	46.06288684	0.841473625	40.2578092	1.935040719
43.19992797	9.608284908	17.18131695	24.00776502	56.26974914	0.895335596	49.90708466	2.120904426
34.91305412	14.41988608	17.27990092	24.00182621	54.68347538	0.869811078	48.06312611	2.206800014
43.1987451	9.642229598	12.38749535	24.00781547	49.34887788	0.87505839	43.56195652	1.928988581
43.19963271	9.602564711	12.43895766	24.00567384	49.36265403	0.875191508	43.57817708	1.928173771
28.80186947	14.41970727	17.32443008	24.28355043	47.0873243	0.845274207	41.21161711	1.958584083
28.80018996	10.17117006	12.54352085	24.00306538	37.64738564	0.816185788	32.59006338	1.685787015
43.19671165	9.607318766	12.12724603	24.00399505	49.03610804	0.873928341	43.251317	1.928278469
31.71603465	14.41151922	17.09932693	24.00000678	50.23967266	0.855505708	44.01520491	2.074838493
43.19984189	9.629636412	17.31245433	24.00357727	56.53193202	0.895928265	50.14267702	2.129767999
43.19998959	9.72893379	12.69543972	25.07140473	50.05906767	0.880682033	44.21964031	1.946490712
28.80101298	14.41944385	12.51378074	26.17093483	41.09147047	0.832049667	35.80563999	1.761957006
43.19380838	9.603202616	12.07545676	24.0056043	48.97636046	0.873711886	43.18819364	1.929403738
28.80186947	14.41989712	17.32516494	24.28676184	47.08919138	0.845289632	41.21334775	1.958629564
43.19957581	9.60666199	16.27012976	24.00093121	54.75560454	0.891429749	48.4651549	2.096832625
43.19625926	14.41917848	12.48096354	24.01000123	55.71288871	0.883970696	49.23167263	2.160421927
33.38773374	14.41982987	17.11400156	24.00407024	52.46857816	0.862631065	46.05949967	2.136375878
43.19998305	9.633660408	17.18131695	24.00776502	56.31206167	0.89538198	49.94467031	2.122480063
28.80014555	14.41574297	12.62537954	27.11986266	41.28772853	0.836100439	36.00055229	1.762405596
43.19983	9.608809835	12.14146275	24.00940801	49.05834424	0.874020322	43.27450762	1.927960324
43.19986997	9.605996768	12.75234674	24.16378139	49.76468705	0.877114	43.94807079	1.938886958
28.80253564	14.37721363	16.83183541	24.00006051	46.23966853	0.842046817	40.425701	1.93800404
28.80111647	14.41970748	17.32443008	25.17533131	47.20752684	0.848600264	41.33101415	1.958852583
28.80317167	14.41573323	12.62537954	27.41742492	41.31750173	0.837247287	36.03231914	1.76174104
43.19963271	9.606176634	12.43895766	24.00515657	49.36645983	0.875196018	43.58156252	1.928313892
28.80123564	14.39578056	16.378253	24.02449517	45.60302542	0.840259886	39.81151348	1.930518785
28.81081435	14.38151467	16.76759652	24.01657582	46.16058829	0.841879326	40.34974782	1.936961679
28.80172317	14.41959042	17.32443008	25.64900509	47.26576535	0.850387363	41.38665949	1.959716983
28.80317167	14.41582637	12.62537954	27.24785473	41.30205955	0.836600998	36.01548339	1.762205568
28.80129007	14.37346455	12.00698	24.00193279	40.36154883	0.821850906	35.03034851	1.7770804
43.19955563	9.6076686	16.75336034	24.00788699	55.54520271	0.893499114	49.22978639	2.105154917
28.80190171	14.41935993	12.56961578	24.0063207	40.88229009	0.824194198	35.55750923	1.774940567
43.19827737	9.60353239	16.25561057	24.0002202	54.72497145	0.891355291	48.43546282	2.096518956
43.10165414	9.603202616	12.04680083	24.01847221	48.80539104	0.873300858	43.00252319	1.934304119
28.80081184	14.41929883	16.59724446	24.0246025	45.94687995	0.841216295	40.14644794	1.933492165
43.19885146	9.603635614	15.96532436	24.04324302	54.27812846	0.89030734	47.9979289	2.093415909
28.80317167	14.41573323	12.62537954	27.41742492	41.31750173	0.837247287	36.03231914	1.76174104
28.80021771	10.09138169	12.54352085	24.00021113	37.60253329	0.816036166	32.54927716	1.684431626
32.71741931	14.41553349	17.21099438	24.00051013	51.75969448	0.860202342	45.40884208	2.116967036
43.19998596	9.737147846	12.63451418	24.00861736	49.7339906	0.876249706	43.91721825	1.938938985
32.64645631	14.41431201	17.24956019	24.00491264	51.73300723	0.860084673	45.38299222	2.116687906
28.80000322	9.601260802	12.01446364	24.00868276	37.19119782	0.813085617	32.1166118	1.691541647
33.44821052	14.41988608	17.27990092	24.00182621	52.84376126	0.863595103	46.39866091	2.148383261
43.19955563	9.609881349	16.68387043	24.00821917	55.43400808	0.893209589	49.12300176	2.103684906
32.76735799	14.41454821	17.20521607	24.00340075	51.81431664	0.860396581	45.45907007	2.118431767
32.52447709	14.4174991	17.24843059	24.11144136	51.59216314	0.859966078	45.25519415	2.112339196
43.19986878	14.4164847	12.66941571	24.54103948	56.14377493	0.886734956	49.62900928	2.171605202
28.80096111	10.43919905	12.66636623	24.83530448	38.01341441	0.82038308	32.94862755	1.688275234
43.19955563	9.60616441	12.35785105	24.01522887	49.28108288	0.874905149	43.49943253	1.927231565
28.80006434	14.41979944	17.32579021	26.29337086	47.33932055	0.852828524	41.45533578	1.961343299
43.19992797	9.60531753	17.18131695	24.00776502	56.26481541	0.895330181	49.90270306	2.120720381
34.91305412	14.41908795	17.27990092	24.00182621	54.68226312	0.869809702	48.06196788	2.206782005
33.93649652	14.41947408	17.068377	24.10073545	53.10232461	0.865113354	46.63716621	2.155069327
28.80203999	14.38151467	16.51250784	24.03271813	45.78141153	0.840829958	39.98540558	1.932016802
43.19671165	9.607318766	12.12724603	24.00399505	49.03610804	0.873928341	43.251317	1.928278469
43.19986878	14.41729817	12.43476275	24.00210615	55.63783531	0.883762199	49.16306019	2.158274925
28.80006434	14.41905535	17.32579021	26.10604584	47.31779489	0.852115913	41.43540298	1.96081234
28.80172317	14.41944372	17.32443008	24.84060478	47.16446399	0.847347596	41.28885631	1.958550913
43.19992797	9.60531753	17.18131695	24.00776502	56.26481541	0.895330181	49.90270306	2.120720381
43.19965715	9.6076686	16.16137518	24.00414921	54.58483943	0.89098749	48.29803164	2.095618669
43.19955563	9.60267912	16.6839532	24.00098057	55.42065663	0.893168369	49.11112968	2.103191778
43.19998118	9.6076686	16.75336034	24.00788699	55.54599365	0.893500728	49.23062491	2.105139058
43.19986715	9.601217706	16.5181234	24.00160772	55.14767448	0.892468026	48.84780141	2.099973797
28.80096111	10.43919905	12.66636623	24.8725454	38.01984451	0.820528617	32.95546993	1.688137805
28.80187737	14.41919162	12.65891894	24.53010479	41.04134301	0.826494736	35.71925771	1.77404204
43.1999296	14.41815609	12.56682401	24.00920594	55.86403357	0.884334253	49.37064722	2.164478716
43.19984489	9.629636412	12.68933749	25.27473284	49.98885634	0.881294009	44.15821824	1.943560939
28.80101298	14.41988555	12.49598617	24.07449992	40.82219029	0.824141528	35.50443442	1.772598882
43.19998993	14.41819195	12.63699963	24.78821689	56.13645678	0.887527992	49.62492721	2.170526504
43.19671165	9.607318766	12.12724603	24.00399505	49.03610804	0.873928341	43.251317	1.928278469
28.80101298	14.41944385	12.51378074	26.17093483	41.09147047	0.832049667	35.80563999	1.761957006
43.19998959	9.706707565	12.69543972	25.0408023	50.02704765	0.88052204	44.19096645	1.945375322
43.19912484	9.720214635	12.81728837	24.70481833	50.1057635	0.879718852	44.25741669	1.949463885
43.19997349	14.4164847	12.62433437	24.54103948	56.06584101	0.886547526	49.55919221	2.168899566
28.80317167	14.41573323	12.67046088	27.41742492	41.36175746	0.837433265	36.07145337	1.763448219
43.19965388	9.605630936	16.95552599	24.00059566	55.8780251	0.894329195	49.54523288	2.110946929
43.1995589	9.6076686	16.15612622	24.00414921	54.57632381	0.890965068	48.28968883	2.095561064
28.80024884	14.41793131	12.49201253	24.02178415	40.80891024	0.823924861	35.49020137	1.772916551
28.80156405	14.41815144	16.2220965	24.0284373	45.40729395	0.839663352	39.61987553	1.929154268
28.80187737	14.41919162	12.64255479	24.52415422	41.02454943	0.826405273	35.7040372	1.773517679
28.80039568	14.41944385	12.64999721	24.72640644	41.05714858	0.827181427	35.73975097	1.772479464
43.19995551	9.629636412	12.68933749	24.14238273	49.71196444	0.876810131	43.9006623	1.937115567
43.1999296	9.606205675	16.47174708	24.00559614	55.08143106	0.89229738	48.78278425	2.099565039
43.1999296	14.41992477	17.28307589	24.01807902	65.53615063	0.904488948	58.13096402	2.468414465
28.80315953	14.41987756	17.2943089	24.05367837	47.00730042	0.844299025	41.13607581	1.957089876
28.80010039	14.41986291	17.32579021	26.38899272	47.34978325	0.853192328	41.46495088	1.961625836
32.30161651	14.41905368	17.19126108	24.06310402	51.19169935	0.858605853	44.88908412	2.100887857
32.30161651	14.41800272	17.10418039	24.00488621	51.03029395	0.858014101	44.74154036	2.096267274
31.83798112	14.41454821	17.04739519	24.00340075	50.31753013	0.85581263	44.08682181	2.076918701
28.80096111	10.43919905	12.48715229	24.83530448	37.92753408	0.819651242	32.86789317	1.686559903
28.8002494	14.39618456	16.378253	24.00557355	45.59964673	0.840186635	39.80813282	1.930519444
43.19986878	9.638247181	12.52076737	24.00210615	49.49195742	0.875577995	43.6979221	1.931359918
34.14196466	14.41989393	17.27990092	24.00182621	53.72981169	0.866532382	47.20415179	2.175236651
33.53640852	14.41439637	17.24956019	24.00229562	52.89483874	0.863828453	46.44593951	2.149649562
33.30558715	14.41988608	17.27990092	24.01755585	52.66145278	0.863050832	46.23239318	2.143036302
43.19992797	9.606522083	17.17469239	24.00492528	56.25463828	0.89529252	49.89340834	2.12042624
43.19957581	9.644936273	16.18407356	24.00093121	54.6774332	0.891137533	48.38347491	2.098002187
28.80028718	14.27183042	12.03024323	24.00868276	40.3127627	0.821781058	34.98118039	1.777207734
28.80065861	10.61049146	12.48651756	24.11184643	37.89721048	0.817127915	32.81622476	1.693674895
43.19965388	9.605630936	16.95552599	24.00059566	55.8780251	0.894329195	49.54523288	2.110946929
43.19998993	14.41819195	12.63699963	24.78821689	56.13645678	0.887527992	49.62492721	2.170526504
28.80000322	9.660375855	12.01446364	24.00868276	37.21797986	0.813195567	32.14174548	1.692091105
43.1995589	9.6076686	12.17321796	24.00109605	49.08652318	0.874110802	43.30423553	1.927443999
28.80036629	10.09138169	12.54352085	25.23485235	37.82771424	0.820862922	32.79046557	1.679095767
33.44821052	14.41988608	17.27990092	24.00182621	52.84376126	0.863595103	46.39866091	2.148383261
28.80203999	14.38151467	16.51250784	24.02478723	45.78020658	0.840800699	39.98413888	1.932037384
28.80111647	14.41970748	17.32443008	25.14375414	47.20353183	0.84848165	41.32714294	1.958811317
28.80719456	14.41850162	12.46593324	27.77712435	41.20258785	0.837988414	35.93410934	1.756172971
32.94789297	14.41439637	17.28941379	24.02748748	52.20463887	0.861610541	45.8138258	2.130287362
31.71603465	14.41151922	17.05947333	24.00000678	50.17263936	0.855334922	43.95367733	2.073003239
43.19965388	9.605946023	16.95552599	24.00060357	55.87854254	0.894329801	49.5456925	2.110966202
28.80040653	14.41789275	12.61415394	24.72640644	41.02118126	0.827031393	35.7072875	1.771311506
28.80023799	14.41972466	12.49201253	24.00887591	40.80826764	0.823880481	35.48931961	1.772996272
28.80065861	10.49402458	12.48651756	24.12013078	37.82957196	0.816961884	32.75617096	1.691146636
43.19995551	9.90028616	12.68933749	24.38277125	50.07814106	0.878227231	44.22941634	1.949589858
43.19995551	9.629636412	12.63260572	24.03804541	49.61912715	0.876165286	43.81546379	1.934569289
43.19912484	9.720214635	12.81728837	24.70481833	50.1057635	0.879718852	44.25741669	1.949463885
43.1999296	9.606205675	16.4630044	24.00617023	55.06741359	0.892262772	48.76915071	2.099437058
28.80156405	14.41815144	16.23083918	24.02786937	45.41960788	0.839697714	39.63194589	1.929235456
43.19992986	9.844132888	12.68790877	25.26812355	50.22468763	0.881628728	44.36777487	1.952319226
28.80176769	14.41970748	17.32443008	26.06949718	47.3141785	0.851979669	41.43202204	1.960733856
34.1192606	14.4191923	17.33832259	24.04791863	53.81629841	0.866859695	47.28081858	2.178509984
28.80000033	14.40869378	12.31162896	24.00879998	40.63689279	0.82313188	35.32358855	1.771114995
34.34335069	14.41905581	17.27990092	24.00182621	53.98096139	0.867385819	47.43117971	2.183277303
28.80081184	14.41929883	16.59724446	24.0246025	45.94687995	0.841216295	40.14644794	1.933492165
43.19995551	14.41841286	12.68933749	24.49028715	56.17140697	0.886632176	49.653306	2.172716986
43.1995589	9.6076686	16.99659254	24.00109605	55.95070645	0.894510536	49.61301046	2.112581533
28.80000322	9.601260802	12.01446364	24.01002204	37.19146863	0.813090829	32.11690856	1.691532996
28.80000322	9.601260802	12.01446364	24.00769482	37.19099802	0.813081772	32.11639284	1.691548032
32.30161651	14.41475963	17.12035482	24.00488621	51.05357848	0.85807794	44.76258026	2.097015489
28.80116893	14.37923521	16.95372025	24.00016568	46.42308426	0.842561453	40.59885619	1.941424243
28.80096111	10.371306	12.48715229	24.7905841	37.88118184	0.819362906	32.82497402	1.685415533
43.1999296	14.41990715	17.30033523	24.00653871	65.57377812	0.904521663	58.16446904	2.469788637
43.19957581	9.628212148	16.24180394	24.00093121	54.74374881	0.891349851	48.45060431	2.09773092
31.71603465	14.41151922	17.12816251	24.02083127	50.29177519	0.855706418	44.0630961	2.076242288
28.80024884	14.41793131	12.49201253	24.00097132	40.80588367	0.82384837	35.48667888	1.773081858
34.30179156	14.41985389	17.27990092	24.01755585	53.93301958	0.867268858	47.3881163	2.181651158
28.80000362	9.628580438	12.35665947	24.00303526	37.2921574	0.814460486	32.25492055	1.679091827
28.80172317	14.41628691	17.10252981	24.03129665	46.70054751	0.843378384	40.8586777	1.947304871
28.80043323	14.41907213	17.28005304	24.0249659	46.97673698	0.84411834	41.10838114	1.956133615
28.80391363	10.61049146	12.48651756	24.01183238	37.88030993	0.816756604	32.79707882	1.694423366
28.80123564	14.39578056	16.378253	24.04625343	45.6063187	0.840340144	39.81498674	1.930458792
33.93649652	14.41947408	17.068377	24.10073545	53.10232461	0.865113354	46.63716621	2.155069327
28.80000628	14.41966734	12.7024174	24.99843801	41.14263631	0.828410655	35.82395557	1.772907178
28.80036629	10.11687451	12.5351921	24.00092977	37.61328226	0.816050109	32.55882248	1.684832847
28.80094842	10.04748369	12.46719023	24.75226407	37.68901543	0.818583413	32.6492221	1.679943993
43.19993619	9.6076686	16.79742446	24.01703766	55.62152444	0.893723843	49.30251832	2.106351527
28.80172317	14.41944372	17.32443008	24.84060478	47.16446399	0.847347596	41.28885631	1.958550913
28.80103858	14.4198919	17.32443008	25.80532311	47.28365964	0.850975985	41.403616	1.960029579
34.91305412	14.41909032	17.27990092	24.00071248	54.68206799	0.869805587	48.06178025	2.206779506
35.3467147	14.41989211	17.27997161	24.00088938	55.20436151	0.871658078	48.52818819	2.225408175
32.62670288	14.41453126	17.08389366	24.02748748	51.42192373	0.859371343	45.1011885	2.106927902
32.76735799	14.41454821	17.26896712	24.00140205	51.9264992	0.860665154	45.55960382	2.122314735
28.80072526	10.55591819	12.48651756	24.85411789	37.99788995	0.819915828	32.93135695	1.688857284
28.80006434	14.41905535	12.50120161	25.22499357	40.97505152	0.828431355	35.67846068	1.765543819
28.80040354	14.4192819	12.64999721	25.73779687	41.17619065	0.83096997	35.87314313	1.767696063
43.19983175	9.632394573	12.68933749	24.03486089	49.68694548	0.87639289	43.8765955	1.936798177
43.19983	9.642530581	12.46506568	24.00284555	49.43469385	0.875359972	43.64402042	1.930239282
43.1999296	9.606205675	16.4630044	24.00108975	55.06605039	0.892242817	48.76792077	2.099392638
34.91305412	14.41908795	17.27990092	24.07861657	54.69588278	0.870093889	48.07503131	2.206967415
28.80015096	14.41978648	12.13549245	24.00970081	40.49441816	0.822456352	35.17676989	1.772563018
28.80007942	14.41978648	12.13549245	24.00701906	40.49397471	0.822446197	35.17626917	1.772582107
43.19992771	9.622393471	12.410661	24.01422121	49.35608	0.875146517	43.57062161	1.92850092
43.19999914	14.41819195	12.63699963	24.03098427	55.98939162	0.88470653	49.48418334	2.168419391
43.19992986	9.844132888	12.68626985	25.26812355	50.22273132	0.881621904	44.36602518	1.952250352
43.19992986	14.41460377	12.63882966	25.26812355	56.22144633	0.889334635	49.70360269	2.172631208
43.19998993	10.08808282	12.68607874	24.78821689	50.38704103	0.880124857	44.50729609	1.959930013
42.91696354	9.603262182	12.00761558	24.00965383	48.48327225	0.872408899	42.65443493	1.942960674
43.10165414	9.609670193	12.0037773	24.0172021	48.77061922	0.873139406	42.96276473	1.935966344
43.19992986	14.41819195	12.63699963	25.27189789	56.22354613	0.889347056	49.7058053	2.172596939
43.10165414	9.603202616	12.04680083	24.01847221	48.80539104	0.873300858	43.00252319	1.934304119
34.91305412	14.41909032	17.30546451	24.00038809	54.73028792	0.869915635	48.10463456	2.20856806
43.1995623	9.6076686	16.5802184	24.00414921	55.25927021	0.892750886	48.95494259	2.101458656
28.81613079	14.41954502	17.34085419	24.16722168	47.1107015	0.844975148	41.22906792	1.960559561
28.80000221	9.601260802	12.46172452	24.00726418	37.31416504	0.814848655	32.28137118	1.677610819
28.80190171	9.654516471	12.41833019	24.00402358	37.32663805	0.814768247	32.29073967	1.678645666
28.80317167	14.41588771	12.62537954	27.43354111	41.31906879	0.837308995	36.03402442	1.761694967
43.19885146	9.600449231	15.96532436	24.04324302	54.27329967	0.890301539	47.99363669	2.093237047
34.34335069	14.41905581	17.27990092	24.00182621	53.98096139	0.867385819	47.43117971	2.183277303
28.80172317	14.41628691	17.10252981	24.00575319	46.69664559	0.843284166	40.85463255	1.947352613
32.30161651	14.41475963	17.12035482	24.00488621	51.05357848	0.85807794	44.76258026	2.097015489
28.80039568	14.41944385	12.64999721	26.44923911	41.25017341	0.833660099	35.95452565	1.765229457
28.80081386	14.41917105	12.62863421	26.38384456	41.22290906	0.833325488	35.928868	1.764693887
43.19992986	9.844132888	12.68790877	25.26812355	50.22468763	0.881628728	44.36777487	1.952319226
34.37168245	14.41946393	17.27990092	24.00182621	54.01689524	0.867506874	47.46365545	2.184430015
28.80070299	14.41839898	16.59724446	24.02455374	45.9456956	0.84121408	40.14530156	1.933479507
28.80176769	14.41970748	17.26614982	24.70475832	47.05511726	0.846588109	41.1902144	1.954982611
43.1995589	9.6076686	16.99659254	24.00106943	55.95069928	0.894510431	49.61300404	2.112581282
43.19993619	9.6076686	16.91706471	24.01703766	55.82155263	0.894234039	49.49189261	2.109902855
42.91696354	9.603262182	12.00761558	24.00965383	48.48327225	0.872408899	42.65443493	1.942960674
43.1995623	9.6076686	16.5802184	24.00414921	55.25927021	0.892750886	48.95494259	2.101458656
28.80000322	9.601260802	12.01446364	24.01002204	37.19146863	0.813090829	32.11690856	1.691532996
43.1999296	14.41815609	12.56682401	24.00920594	55.86403357	0.884334253	49.37064722	2.164478716
33.34890088	14.41485494	17.24956019	24.01037742	52.65454483	0.863066855	46.22680512	2.142596334
32.27556145	14.41475963	17.12035482	24.00488621	51.01920028	0.857968465	44.73101113	2.096079123
31.71603465	14.41151922	17.12816251	24.02083127	50.29177519	0.855706418	44.0630961	2.076242288
35.13078411	14.41989056	17.27792866	24.00031094	54.94239525	0.870725291	48.29467093	2.215925101
43.18220634	9.600955345	12.00761558	24.00965383	48.89089429	0.873414115	43.09512801	1.93193691
28.80103858	14.4198919	17.32443008	25.76125907	47.27855855	0.850809286	41.39882115	1.959927499
42.91696354	9.603262182	12.03357473	24.00965383	48.50779534	0.872510288	42.68162054	1.942073161
28.80123564	14.41982724	17.28443129	24.04629425	46.98863596	0.844220727	41.11945518	1.956408596
43.19992986	9.844132888	12.68790877	25.26812355	50.22468763	0.881628728	44.36777487	1.952319226
43.19998993	14.41819195	12.63699963	24.78821689	56.13645678	0.887527992	49.62492721	2.170526504
28.80146769	14.41793027	16.23083918	24.02207239	45.4183843	0.839675548	39.63069023	1.929246152
43.19992986	14.41460377	12.63882966	24.7668756	56.13092671	0.887449512	49.61947941	2.17049908
28.81613079	14.41954502	17.34085419	24.16722168	47.1107015	0.844975148	41.22906792	1.960559561
28.80039568	14.41919693	12.64999721	24.69491484	41.05293648	0.827063861	35.73498287	1.772664798
28.80028718	14.39144358	12.02133824	24.01061036	40.38477755	0.821965578	35.05627951	1.776179635
28.80013089	14.41970748	17.24103352	26.06949718	47.1816087	0.851611277	41.31495119	1.955567499
28.80065861	10.54323534	12.48651756	24.00988829	37.83763632	0.81662065	32.75913219	1.692847695
28.80065861	10.61049146	12.63867717	24.00554547	37.95232959	0.817339028	32.86567543	1.69556439
28.80036629	9.848231087	12.54681009	24.00306538	37.47304443	0.815631354	32.43107647	1.680668877
43.19992771	9.622393471	12.410661	24.01422121	49.35608	0.875146517	43.57062161	1.92850092
43.01151112	9.601260802	12.04153768	24.008667	48.65601915	0.872895383	42.84178631	1.93809248
28.80041842	9.722162771	12.5003788	24.03701108	37.39600824	0.815346389	32.35980791	1.67874632
43.19995551	9.629636412	12.72176063	24.14608469	49.75087621	0.876959708	43.93555354	1.938455757
28.80004958	9.654516471	12.42608652	24.00069691	37.32751346	0.814778666	32.29199712	1.678518319
28.80184488	14.41822208	12.62967434	24.00527494	40.93916876	0.824434501	35.60900486	1.776734926
28.80011725	14.41993825	12.45342753	24.71807051	40.86912354	0.826346305	35.56715251	1.76733723
28.80096111	10.4323928	12.48715229	24.83530448	37.92364344	0.819639869	32.86440677	1.686425156
31.91290578	14.41475963	17.14398996	24.00028885	50.57973045	0.856530281	44.32710878	2.084223207
28.80094842	9.960369389	12.46719023	24.78206747	37.64861823	0.818550012	32.61313569	1.678507052
28.80149167	14.41970748	17.32443008	26.06086091	47.31292436	0.851945735	41.43088602	1.960694485
28.80002495	14.41793131	12.36950622	24.02178415	40.69648083	0.823428086	35.3830207	1.771166959
28.80094842	10.04748369	12.46719023	24.75226407	37.68901543	0.818583413	32.6492221	1.679943993
43.19885146	9.600251183	15.96532436	24.04324302	54.27299956	0.890301178	47.99336992	2.093225934
33.92003414	14.39623164	17.24144237	24.00527494	53.34432287	0.865396311	46.8538609	2.163503917
43.19993619	9.6076686	15.99705636	24.01703766	54.32908537	0.89034909	48.04780697	2.093775526
43.19992797	9.606522083	17.23908277	24.00492528	56.36592051	0.895571967	49.99425643	2.123904315
43.19997929	9.603230198	16.54085568	24.00414921	55.18875535	0.892578077	48.88733441	2.100489756
31.71603465	14.41151922	17.15423897	24.02083127	50.33590869	0.855818548	44.1032517	2.077568262
43.15076099	9.620247748	12.01693985	24.00965383	48.86967638	0.873366415	43.06850959	1.933737094
28.80000628	14.41983236	12.7024174	24.99843801	41.14275275	0.828410934	35.82407784	1.772905232
43.1999296	14.41813379	12.57232635	24.00920594	55.87342387	0.884357008	49.37916389	2.16476993
28.80088882	14.41972717	17.32443008	25.47943354	47.24483991	0.849744005	41.3668969	1.959329363
28.80116433	14.40984821	16.68972026	24.04401875	46.07442702	0.841661366	40.2694753	1.934998746
28.80124024	14.41479933	16.93762222	24.00358079	46.44334622	0.842568562	40.6196041	1.941262262
42.91696354	9.603574016	12.05298556	24.01080742	48.52691136	0.872591402	42.70248825	1.941489259
32.98066742	14.40947924	17.24956019	24.00629329	52.16597795	0.861488899	45.77957761	2.128816439
28.80000628	14.41656779	17.2519162	24.99843801	47.06607325	0.847612189	41.20349673	1.954207162
43.19996402	14.41815609	12.56682401	24.00382645	55.86299695	0.884314481	49.36963888	2.164469287
43.07913467	9.601260802	12.04153768	24.00822137	48.76041024	0.873151056	42.95450519	1.935316527
34.03937931	14.41180214	17.05976742	24.0000053	53.18746904	0.865126535	46.71250906	2.158336548
28.80000113	9.601260802	12.01078898	24.00868276	37.19046143	0.813071448	32.11520538	1.691764991
33.34890088	14.41485494	17.25794075	24.00566474	52.66880846	0.863085769	46.23949025	2.143122507
28.80116893	14.37923521	17.02588573	24.00016568	46.53209207	0.842868582	40.7004145	1.943907433
43.199945	9.606205675	16.4630044	24.00108975	55.06607877	0.892242875	48.7679509	2.099392056
33.51411389	14.41471163	17.24956019	24.01456813	52.8686835	0.863780118	46.42225107	2.148827288
28.80036629	9.632134271	12.54352085	24.0014827	37.35830747	0.815217063	32.32476707	1.677859669
28.80098282	14.41994991	17.32443008	26.18345891	47.32629608	0.852409238	41.44334222	1.960999659
43.19995551	9.629636412	12.72176063	24.14608469	49.75087621	0.876959708	43.93555354	1.938455757
31.71603465	14.41191867	17.12816251	24.03392323	50.29447678	0.85575548	44.06577496	2.076249862
28.8064816	14.41793302	12.49283307	27.17938192	41.17284753	0.835814285	35.89730608	1.758527304
28.80040354	14.41967299	12.64999721	25.73779687	41.17646073	0.830970618	35.87342771	1.767691231
31.91290578	14.41428217	17.14398996	24.00028885	50.57907098	0.856529451	44.32647256	2.084215458
43.1999296	14.41834296	12.57232635	24.00920594	55.87369379	0.884357358	49.37942356	2.164773345
43.1999296	14.41832647	17.24698907	24.00920594	65.447631	0.904295526	58.05174622	2.465313835
28.80317167	14.41573323	12.62537954	24.07890718	40.94495045	0.824688958	35.61660589	1.776128477
28.80036629	9.60615463	12.34567856	24.00306538	37.27786804	0.81437635	32.24075102	1.679051884
28.80039568	14.41944385	12.64999721	24.72010843	41.05634269	0.827157994	35.73883622	1.772515752
43.19983511	9.607659839	16.32257199	24.00284385	54.8421646	0.891660614	48.54955517	2.097552563
43.1995707	9.620009826	12.18949919	24.00203265	49.11642232	0.874201632	43.33326749	1.92773306
28.80000322	9.601260802	12.0229191	24.00951431	37.19307616	0.813121462	32.12002551	1.69102985
28.80207358	14.41176553	12.47048536	24.15940445	40.80576595	0.824340959	35.490984	1.77160757
43.18220634	9.600955345	12.00761558	24.00194495	48.8888823	0.873383928	43.09318298	1.931914589
43.19997716	14.41816643	12.69844308	24.34485807	56.15880893	0.886127862	49.64026056	2.172866122
31.71603465	14.41163948	17.12816251	24.02083127	50.29194015	0.855706627	44.06325533	2.076244197
28.80039568	14.41927596	12.64999721	24.72640644	41.0570306	0.827181141	35.739627	1.772481462
28.80035902	10.10092955	12.54352085	25.23485235	37.83283851	0.820879006	32.79512394	1.679251066
28.80000113	9.602676223	12.01078898	24.00868276	37.19109997	0.813074095	32.11580582	1.691777692
43.19992797	9.601238089	17.17469239	24.00492528	56.24585761	0.895282871	49.88560988	2.120098834
28.80156405	14.41815137	16.17223755	24.02347367	45.33597704	0.839437193	39.54985233	1.928723029
43.19983511	9.607659839	16.32257199	24.00284385	54.8421646	0.891660614	48.54955517	2.097552563
28.80040354	14.4192819	12.64873634	25.73779687	41.17495547	0.830964774	35.87204335	1.767650928
28.80101298	14.41079743	12.66605908	25.20568954	41.12621405	0.829025135	35.81420723	1.770682519
31.57761031	14.41749832	17.06004811	24.00000678	49.99973283	0.854767204	43.79550047	2.068093315
28.80051749	14.41079743	12.66605908	25.22582278	41.12819279	0.829098463	35.81654469	1.770562946
28.80040354	14.4192819	12.64999721	25.4036502	41.1389102	0.829713006	35.83172883	1.769074023
43.19818734	9.737066059	12.63489691	24.74619821	49.91644356	0.879147419	44.08889423	1.942531343
28.80041842	9.627125266	12.1168874	24.03807272	37.23179331	0.813647383	32.17327649	1.686185205
32.6519632	14.41649441	17.04170711	24.02403575	51.38428796	0.859287512	45.06661784	2.105906191
43.19992771	9.622393471	12.410661	24.01422121	49.35608	0.875146517	43.57062161	1.92850092
28.80015078	14.41793131	12.56778272	25.25782809	41.04131145	0.828824882	35.7400225	1.76710987
28.80001673	14.41908246	12.03780155	24.00884883	40.41493011	0.822069868	35.08932923	1.775213907
31.91290578	14.41475963	17.14398996	24.05005634	50.5879599	0.856714146	44.33530313	2.084234905
33.56827505	14.41684806	17.25022421	24.10112205	52.95760417	0.864335896	46.50434543	2.151102745
43.19996402	14.41815609	12.67245147	24.15934095	56.07672381	0.885329762	49.56439711	2.170792212
43.19995551	9.629636412	12.72176063	24.14608469	49.75087621	0.876959708	43.93555354	1.938455757
28.81613079	14.4161048	17.30948382	24.15775948	47.05551197	0.844797967	41.17983218	1.958574952
43.1995623	9.677513112	16.5802184	24.00414921	55.37047125	0.892877319	49.05367167	2.105616009
28.80116433	14.40775858	16.68972026	24.01505831	46.06752033	0.841550884	40.26241367	1.935050396
28.80114264	14.41816266	16.5295251	24.02347367	45.84709796	0.840927661	40.04963246	1.932503322
28.80088882	14.41987	17.32443008	25.47943354	47.24501942	0.849744245	41.36707207	1.95933081
43.19983511	9.607659839	16.32257199	24.00284385	54.8421646	0.891660614	48.54955517	2.097552563
43.19995424	9.629636412	12.72176063	24.14608469	49.75087413	0.876959703	43.93555129	1.938455813
43.19996284	10.05872483	12.58620705	24.38277125	50.13489168	0.878066779	44.27688275	1.952684621
43.19998892	14.41819195	12.63699963	24.7908862	56.13694944	0.887537995	49.62538963	2.170536584
43.19997716	14.41847885	12.63932949	24.01375316	55.99023743	0.884652856	49.48468929	2.168532678
28.80088882	14.41972717	17.22761465	24.03108506	46.8971504	0.843917475	41.03743587	1.953253155
43.19996625	9.6076686	16.94970744	24.0034233	55.87289193	0.894320295	49.54029484	2.110881885
28.80035911	10.59928163	12.54352085	24.00170297	37.89676601	0.816915006	32.81384805	1.69431898
28.80156405	14.41815137	16.17223755	24.02347367	45.33597704	0.839437193	39.54985233	1.928723029
43.19997716	14.41816643	12.69844308	24.34485807	56.15880893	0.886127862	49.64026056	2.172866122
28.80001673	14.09435444	12.01910209	24.00738305	40.18157339	0.821407008	34.84570349	1.77863694
28.80000628	14.4196758	17.25356239	24.1435506	46.95358888	0.844441026	41.09030587	1.954442657
28.80031454	9.632134271	12.54352085	24.00213791	37.35840974	0.815219392	32.32488698	1.677853788
28.81081435	14.41639197	16.28575933	24.00929431	45.50196765	0.839894563	39.71107824	1.930311276
34.37168245	14.41946393	17.27990092	24.00182621	54.01689524	0.867506874	47.46365545	2.184430015
43.19975149	9.6076686	16.5802184	24.00414921	55.25962011	0.892751603	48.95531382	2.101451546
35.13078411	14.41989056	17.27792866	24.00031094	54.94239525	0.870725291	48.29467093	2.215925101
43.19155819	9.600889623	12.07276887	24.00235247	48.96683944	0.873675897	43.17844602	1.929479272
31.61431548	14.41749832	17.07890696	24.00000678	50.07956947	0.855001907	43.86877284	2.070281422
28.80207358	14.41803319	12.47452548	25.02247479	40.92683821	0.827571911	35.62850061	1.766126077
31.78655318	14.41853423	17.04489949	24.01375316	50.25278808	0.855631341	44.02778664	2.075016392
43.19992986	9.614518028	12.72391274	24.02126529	49.70391144	0.876451765	43.89169298	1.937421011
28.82639444	14.41905672	12.54074652	26.02677183	41.12213314	0.831721747	35.8287574	1.764472109
43.19992986	14.41460377	12.63882966	25.26812355	56.22144633	0.889334635	49.70360269	2.172631208
43.19983511	9.607659839	16.32257199	24.00284385	54.8421646	0.891660614	48.54955517	2.097552563
43.19997716	14.41816643	12.32433538	24.10010715	55.47597898	0.883676518	49.0123197	2.154569617
43.19997754	9.606205675	12.13398056	24.00076721	49.04608923	0.873952686	43.262265	1.927956196
43.18438855	9.600955345	16.74625091	24.00194372	55.49288954	0.893375789	49.17767713	2.10508695
32.30161651	14.41475963	17.12035482	24.00265929	51.05320549	0.858069715	44.76220987	2.097014622
28.80156405	14.41842537	16.17223755	24.02347367	45.33628824	0.839437671	39.55015916	1.928724485
43.19999042	14.41819195	12.63699963	24.7908862	56.1369522	0.887538001	49.62539254	2.170536532
43.19983	9.607728932	12.29749176	24.00940801	49.2175829	0.874642215	43.43697313	1.926884699
43.01151112	9.601260802	12.00947783	24.00325735	48.62411699	0.872748894	42.80672653	1.939145024
28.80000113	9.601260802	12.00218629	24.00868323	37.18875938	0.813038326	32.11191033	1.692295995
43.1999956	10.06925639	12.68607874	24.73168993	50.35202111	0.87987086	44.47579273	1.958757815
28.80156405	14.41195324	17.28499401	24.10700451	46.98905562	0.844435001	41.12023583	1.956288267
28.80042286	10.04748369	12.46719023	24.4992545	37.64262559	0.817591311	32.5996182	1.681015356
33.56827505	14.41684806	17.25022421	24.10112205	52.95760417	0.864335896	46.50434543	2.151102745
28.80114264	14.41816266	16.5295251	24.02347367	45.84709796	0.840927661	40.04963246	1.932503322
34.58512719	14.41715891	17.30105473	24.10879266	54.33640827	0.868898174	47.75209541	2.194787787
43.19964922	9.60704241	12.37568614	24.01413159	49.3010547	0.874975155	43.51876304	1.927445335
28.80207358	14.41640485	12.60521312	24.10997255	40.92949321	0.824717011	35.60390906	1.775208332
35.12335081	14.41989056	17.27792866	24.00031094	54.93346617	0.870693578	48.28669833	2.215606271
32.30904989	14.41475963	17.12035482	24.00265929	51.06301197	0.85810095	44.77121492	2.097281768
28.80117487	14.38724148	12.01711395	24.00004684	40.37792492	0.82190682	35.04838942	1.776525456
28.80020622	14.38658743	12.18613962	24.00402358	40.51388663	0.822577497	35.19734491	1.772194162
28.80000628	14.4163252	17.2536246	24.99843801	47.06843624	0.847619159	41.20557741	1.954301265
28.8066332	14.41793658	12.39342983	24.02786937	40.72410395	0.823574872	35.40915385	1.771663621
28.80000258	14.4196758	17.25356239	24.99843801	47.07253835	0.847624589	41.20958951	1.954331271
43.19996402	14.41815609	12.56682401	24.00382645	55.86299695	0.884314481	49.36963888	2.164469287
43.19997716	14.41832833	12.69844308	24.29354544	56.14894145	0.885937197	49.63079118	2.172733419
28.80012992	14.38658743	12.17713032	24.00402358	40.50630475	0.822541594	35.18938646	1.772319689
28.80094842	10.59918943	12.46719023	24.73283888	37.99356442	0.81943793	32.92282591	1.690259135
28.83090903	14.41815137	12.64241792	25.67339642	41.18546339	0.830823605	35.87779163	1.769237489
28.80040354	14.41992447	12.64999721	25.4036502	41.13935649	0.829714079	35.83219867	1.769066175
28.80001969	10.09138169	12.54352085	24.00306538	37.60297569	0.81604637	32.54979539	1.684406352
28.81054904	14.4192819	12.64999721	26.7032662	41.28313005	0.834667086	35.98821816	1.764984165
43.03378751	9.600423492	12.00351077	24.00221754	48.65151962	0.872804937	42.83628477	1.938426482
31.91290578	14.41823233	17.04838817	24.05005634	50.43060707	0.85631003	44.1914895	2.079721805
43.19993619	9.60739164	12.6730705	24.00893851	49.63339164	0.876178968	43.82829714	1.935046343
34.37168245	14.41946393	17.27990092	24.00182621	54.01689524	0.867506874	47.46365545	2.184430015
43.19994456	9.606205675	12.13398056	24.00176671	49.04629715	0.873956475	43.26245925	1.927960754
43.19997779	9.658576018	17.33070812	24.0020002	56.61244394	0.896054844	50.21421992	2.132757696
28.80000258	14.4196758	17.25356239	24.03830331	46.93769383	0.844052244	41.07395458	1.954594741
43.19983	9.607728932	12.29749176	24.00084594	49.21534411	0.874608682	43.43481865	1.926856598
28.80153758	14.36663211	16.80516234	24.00929431	46.18752245	0.841945208	40.37607591	1.937163705
31.91290578	14.41468473	17.14398996	24.05005634	50.5878565	0.856714016	44.33520338	2.084233692
43.1999977	14.41847885	12.63932949	24.01378145	55.99028098	0.884653038	49.48473487	2.168532001
34.58512719	14.41715891	17.30105473	24.10879266	54.33640827	0.868898174	47.75209541	2.194787787
28.80094842	10.04748369	12.46719023	24.50012653	37.64310646	0.817596953	32.60004629	1.681032948
31.7748401	14.41485494	17.24956019	24.01037526	50.57914188	0.856443833	44.32388505	2.0851016
28.80156405	14.41858912	16.17223755	24.01369676	45.33499584	0.839401921	39.54877351	1.928755569
28.80021236	14.26425628	12.00218629	24.00868323	40.28619921	0.821658506	34.95123587	1.778334751
43.19992986	14.41460377	12.66458957	25.26812355	56.26614595	0.889442047	49.74356835	2.174209207
28.80021949	14.12444324	12.08407006	24.0007591	40.25121031	0.821691921	34.92194902	1.776434055
43.19997716	14.41858993	12.32433538	24.10010715	55.47651235	0.883677225	49.0128339	2.154576007
43.19997754	9.606205675	12.51619166	24.00916807	49.45356005	0.875529469	43.66364592	1.929986176
28.81081435	14.41639197	16.28575933	24.0009251	45.50069695	0.83986372	39.70973277	1.930336195
43.1999296	14.41815536	12.74433386	25.21837482	56.40143101	0.889593778	49.86381571	2.179221815
28.8064816	14.41815324	12.65489507	27.3199925	41.34183294	0.837015366	36.0521392	1.763244769
43.19997754	9.606205675	12.53549027	24.00916807	49.47517565	0.875608831	43.68374857	1.930490498
28.80207358	14.41948975	12.46593324	26.90850805	41.11990226	0.834657534	35.84450889	1.758477941
34.58512719	14.41715891	17.25343674	24.15235339	54.25500075	0.868852662	47.68009189	2.191653095
33.96490809	14.41995126	17.28411375	24.00853454	53.51503413	0.86582482	47.00943301	2.168550336
43.18220634	9.600955345	12.00761558	24.00194495	48.8888823	0.873383928	43.09318298	1.931914589
28.80000034	14.4197989	17.25356239	24.95207199	47.06666	0.847451059	41.20382497	1.954293331
43.19999042	14.41903223	12.63699963	24.59063118	56.10049698	0.886789777	49.59101577	2.16984371
28.80207358	10.16220683	12.60521312	24.74138457	37.80910804	0.819303351	32.76151665	1.682543368
43.19827737	9.730745438	15.94683282	24.00255062	54.43006318	0.890296463	48.12984187	2.100089876
31.91290578	14.41475963	17.14398996	24.05005634	50.5879599	0.856714146	44.33530313	2.084234905
42.91696354	9.603262182	12.00761558	24.00965383	48.48327225	0.872408899	42.65443493	1.942960674
28.80707301	14.4184548	12.69713349	27.61635701	41.41117658	0.838323418	36.11869257	1.764174865
28.80101298	14.41905672	17.29946599	26.02677183	47.26848644	0.851704937	41.39157981	1.9589839
43.19999965	14.41888567	12.59774827	24.01275923	55.91887525	0.884477098	49.42042826	2.166165609
28.80000113	9.601260802	12.00957192	24.00868323	37.19021909	0.813066761	32.11473971	1.691839435
43.19999042	14.41953906	12.70984411	24.7908862	56.26548384	0.887844286	49.74024925	2.175094878
28.80207358	14.41640821	12.60521312	24.10997255	40.92949559	0.824717017	35.60391155	1.775208293
43.19994036	10.03516529	12.68461953	25.26812355	50.4362996	0.881931431	44.55486982	1.96049163
28.80153758	14.36663211	16.80516234	24.00929431	46.18752245	0.841945208	40.37607591	1.937163705
43.19999042	14.41874164	12.63699963	24.7908862	56.13766068	0.887538902	49.62607417	2.170545481
32.41804748	14.41979165	17.02737186	24.01214452	51.05551668	0.858204239	44.76480075	2.096921389
28.83491775	14.41937151	16.74020796	24.00265929	46.18822906	0.841881538	40.37395889	1.938104922
28.80027879	14.41995508	12.46113764	24.99843801	40.91136641	0.827423362	35.61375684	1.765883398
43.19997705	9.667285874	17.33070812	24.00188	56.62707477	0.896070096	50.22719937	2.13330816
31.57761031	14.41749832	17.06004811	24.00007687	49.99974436	0.854767463	43.79551203	2.068093303
42.89503255	9.600955345	12.00761558	24.00194495	48.4462889	0.872290463	42.61533423	1.943666465
28.80156405	14.41858912	16.17223755	24.00277789	45.33334167	0.839361683	39.54701703	1.928789674
34.53646486	14.41946393	17.27990092	24.00182621	54.22142086	0.868207245	47.6480674	2.191134624
28.80000113	9.607815846	12.00218629	24.00868323	37.19171061	0.813050579	32.11468538	1.692354723
43.19997705	9.600549751	17.31710682	24.01389135	56.49426395	0.895936646	50.10929923	2.128337896
31.78655318	14.41965015	17.05850079	24.00176249	50.27520805	0.855647207	44.04835074	2.075635019
28.81081435	14.41956685	16.43395994	24.08383697	45.72924679	0.840793989	39.93423281	1.931686142
28.80000628	14.41966734	12.55136778	24.99843801	40.99575058	0.827789471	35.69201422	1.767925679
28.80206744	14.41640485	12.60521312	24.25067922	40.94934113	0.825235796	35.62682744	1.774184833
43.19997705	9.667285874	17.20055038	24.00188	56.39977874	0.895503075	50.0232015	2.125542046
28.83173256	14.41815137	12.64241792	25.65315328	41.18389782	0.830750868	35.87586041	1.769359372
28.8064816	14.41847384	12.49283307	27.17938192	41.17320177	0.835815145	35.89768251	1.758519907
33.96490809	14.41995126	17.28411375	24.00853454	53.51503413	0.86582482	47.00943301	2.168550336
28.80156405	14.41858912	16.17223755	24.01369676	45.33499584	0.839401921	39.54877351	1.928755569
31.78655318	14.41853423	17.04489949	24.01375316	50.25278808	0.855631341	44.02778664	2.075016392
28.80013657	10.13519471	12.40399325	24.00402358	37.56991066	0.81556211	32.51359047	1.685452988
28.80032905	10.43129693	12.48715229	25.22916881	37.98910913	0.821178132	32.93420854	1.684979784
43.18236193	9.601260802	12.03140346	24.00325735	48.9125796	0.873483125	43.11927453	1.931116502
43.1999296	14.41992516	17.32661338	24.00772021	65.63523401	0.904641343	58.21904045	2.472083479
33.22043304	14.41990645	17.11249234	24.00525425	52.25014741	0.861922824	45.85995073	2.130081895
28.80000113	9.601260802	12.00218629	24.01125982	37.18928028	0.813048353	32.11248127	1.692279316
43.19827737	9.730745438	15.94683282	24.00255062	54.43006318	0.890296463	48.12984187	2.100089876
43.18220634	9.600955345	12.00761558	24.00194495	48.8888823	0.873383928	43.09318298	1.931914589
43.19957581	9.74555754	16.8079494	24.00093121	55.85763243	0.893952149	49.51295962	2.114907156
28.8107517	14.41956685	16.38638759	24.04472276	45.65486172	0.840450576	39.86116388	1.931247424
28.81619344	14.41954502	17.31664758	24.16722168	47.07262992	0.844870306	41.19554502	1.959043326
43.19999042	14.41903223	12.63699963	24.59063118	56.10049698	0.886789777	49.59101577	2.16984371
28.8064816	14.41793302	12.49283307	27.17938192	41.17284753	0.835814285	35.89730608	1.758527304
31.68870414	14.41853423	17.04489949	24.01375316	50.12406321	0.855220876	43.90967726	2.07147787
28.80405503	14.13859568	12.00003963	24.00191658	40.20063055	0.821412302	34.86223754	1.779477982
28.81488946	14.41986938	16.98283645	24.03856812	46.53718711	0.842956686	40.7067309	1.943500307
34.58512719	14.41715891	17.27657323	24.10879266	54.29061489	0.868791684	47.71138172	2.193094546
28.8064816	14.41793302	12.49283307	27.17938192	41.17284753	0.835814285	35.89730608	1.758527304
28.80114264	14.4194058	12.41841566	24.04207503	40.74558883	0.823707294	35.43096442	1.771555055
43.19997705	9.667285874	17.33070812	24.00188	56.62707477	0.896070096	50.22719937	2.13330816
43.19997754	9.603764689	12.26153689	24.00012347	49.17349925	0.874454577	43.39353571	1.92666929
33.96490809	14.41995126	17.22489073	24.00621023	53.40614648	0.86555934	46.912054	2.164714097
33.02865458	14.41646207	17.03054249	24.00632399	51.85297397	0.860760581	45.49591245	2.119036759
28.80001969	14.4167647	12.55468656	24.55382944	40.94058283	0.826142803	35.62877057	1.770617668
43.19957581	9.74555754	12.60916985	24.33814913	49.79759168	0.877450625	43.97826972	1.939788863
28.80040354	14.4192819	12.64999721	25.78066446	41.1808429	0.83113155	35.87829034	1.767531077
28.83090903	14.41830554	12.64241792	25.67339642	41.18557008	0.830823861	35.87790398	1.7692356
28.80036629	10.09138169	12.54352085	25.23485235	37.82771424	0.820862922	32.79046557	1.679095767
28.80101298	14.41975911	12.75509626	26.23802907	41.33412168	0.833297733	36.02363451	1.770175968
43.19992986	9.788838603	12.76000092	24.44046269	50.05080058	0.878557449	44.20637529	1.948156706
28.80086347	14.41780073	12.49283307	27.65569604	41.21145855	0.837606476	35.9409469	1.756850691
43.19997716	14.41900737	12.32433538	24.10010715	55.47703806	0.883677921	49.01334073	2.1545823
28.80000104	9.601260802	12.05191781	24.00868323	37.19896601	0.813230323	32.13086922	1.689378551
43.19999576	14.41907427	17.21214281	24.00095949	65.36683569	0.904114417	57.97932229	2.462523353
28.8003908	14.41364151	16.5599153	24.00160337	45.8818481	0.840963274	40.08313845	1.93291804
28.80190171	13.77074615	12.23004551	24.00402358	40.10202711	0.821612634	34.78387074	1.772732384
28.80001969	10.09138169	12.54352085	24.00306538	37.60297569	0.81604637	32.54979539	1.684406352
28.80017398	9.601260802	12.00218629	24.00956782	37.18903558	0.813042504	32.11218342	1.692297033
34.47728385	14.41946393	17.27990092	24.00182621	54.14814815	0.867955632	47.58204875	2.188716584
43.19997754	9.659372894	12.20076764	24.00076721	49.17015787	0.874313869	43.38284293	1.929119775
34.88240382	14.41946393	17.27990092	24.00089388	54.64542907	0.8696763	48.02898977	2.205496682
28.80094704	10.17907018	12.46719023	25.0245668	37.80705353	0.819875726	32.76388923	1.681067657
43.19994877	14.41960254	17.32073696	24.00956057	65.62137266	0.90462191	58.20672621	2.471567771
43.19997754	9.606205675	12.13398056	24.00076721	49.04608923	0.873952686	43.262265	1.927956196
28.80385577	14.41359905	16.96995785	24.04810343	46.50012229	0.842879207	40.67310142	1.942355188
28.80000208	9.857262458	12.40399325	24.00402358	37.4235999	0.815071731	32.37987627	1.681254104
28.80001771	10.07996317	12.49559981	24.00306538	37.5766052	0.815831748	32.52427063	1.684124439
33.96515718	14.41954502	17.27781155	24.16722168	53.53049958	0.866385325	47.02524017	2.168436434
28.80040354	14.4192819	12.65294495	25.78066446	41.18373238	0.831143701	35.88086133	1.767637238
28.81613079	14.41954502	17.34085419	24.16722168	47.1107015	0.844975148	41.22906792	1.960559561
28.80101298	14.41905672	17.29946599	26.02677183	47.26848644	0.851704937	41.39157981	1.9589839
28.80094842	10.35309801	12.46719023	24.75226407	37.85538938	0.819101719	32.79977192	1.685218743
43.19827737	9.6287214	15.94683282	24.00255062	54.27520516	0.890113269	47.99239378	2.094286521
42.97626507	9.601260802	12.01215503	24.00478702	48.57337953	0.872630805	42.75207916	1.940448337
28.80012992	9.983454974	12.40399325	24.00402358	37.48923554	0.815296592	32.44009541	1.683059617
43.1999929	9.668169537	17.23764812	24.00188	56.46575308	0.895665857	50.08284921	2.127650942
43.19997754	9.658489231	12.33978011	24.00076721	49.31522601	0.874871063	43.52810311	1.929055763
43.19842888	9.659372894	12.21536435	24.00532439	49.18387673	0.874384155	43.39664543	1.929091896
