A	B	C	D	MeanMass	MeanLoad	ReliableLoad	SDLoad
28.66992948	12.71592351	15.01045461	34.28737448	0.870891303	42.61920275	33.19844077	1.884152396
28.68392948	11.59162351	16.27775461	35.24837448	0.878563408	43.15959917	34.0585627	1.820207295
28.69892948	10.50572351	16.95045461	30.46837448	0.860899826	41.93950877	32.92307577	1.803286599
28.71292948	12.58142351	15.56905461	28.14937448	0.849161435	42.32330284	32.85185271	1.894290027
28.72792948	12.60542351	17.55705461	30.31137448	0.86613734	45.82552615	36.11088862	1.942927506
28.81321614	10.97817661	13.10690943	31.50312158	0.849427192	40.37843788	31.90235732	1.695216112
28.82721614	11.71337661	13.40120943	33.75012158	0.860735956	41.31400468	32.61558199	1.739684537
28.77092948	13.18682351	15.63505461	27.06837448	0.846593908	42.92431495	33.17267294	1.950328401
28.76315709	13.73862292	12.42236974	25.78633242	0.82821258	40.59513789	31.85015988	1.748995603
28.79992948	13.38862351	15.55105461	28.78637448	0.853347588	43.32056715	33.55130448	1.953852534
28.79215709	14.31522292	13.21516974	34.31433242	0.865770673	42.68263716	33.51090042	1.834347348
28.90021614	9.829876605	13.53340943	27.85212158	0.835427912	39.41730918	30.95739308	1.69198322
28.82115709	13.08522292	12.60856974	29.58233242	0.842805962	40.88879102	32.25983135	1.725791934
28.92821614	9.805876605	15.29310943	30.01412158	0.851590578	40.98523302	32.20471206	1.756104193
28.87192948	12.39402351	17.95945461	31.56137448	0.873004981	46.92245952	37.12915309	1.958661286
28.86415709	10.17832292	12.30826974	25.44933242	0.820853795	38.10714578	29.86125309	1.649178538
28.90092948	10.85642351	15.83925461	31.88537448	0.863145465	42.11553973	33.25744032	1.771619882
28.91492948	13.06672351	16.37385461	28.94237448	0.857359981	44.56243353	35.0047432	1.911538066
28.90715709	10.27442292	15.74966974	27.27533242	0.842993388	40.98230143	32.29640641	1.737179004
28.92215709	13.02752292	13.32326974	31.91233242	0.855307569	41.63653427	32.80833996	1.765638863
29.02921614	10.93497661	12.93880943	31.73212158	0.850476044	40.36367379	31.90595825	1.691543108
28.97292948	9.881123515	16.90235461	28.52237448	0.853204291	41.34741903	32.43090295	1.783303217
28.98692948	11.86552351	14.98645461	34.75637448	0.872761343	42.34693987	33.09997327	1.849393321
28.98015709	10.54352292	14.64456974	25.52233242	0.832119366	40.14307964	31.41921826	1.744772276
29.08721614	13.57757661	16.80060943	31.07112158	0.868656116	46.93306657	37.26334143	1.933945029
29.00815709	11.87442292	12.53046974	29.84633242	0.842356193	40.23463338	31.83338738	1.6802492
29.02315709	11.75912292	12.80076974	32.05633242	0.852141884	40.68247864	32.25868716	1.684758297
29.05892948	12.07212351	15.05855461	29.03837448	0.851073378	41.7553565	32.4227111	1.86652908
29.14521614	10.66587661	12.78860943	31.92412158	0.850716267	40.15454938	31.73780438	1.683348998
29.08792948	11.75972351	16.48795461	25.60337448	0.843334719	42.54109708	33.18317103	1.871585209
29.10192948	12.61022351	17.02245461	24.85837448	0.844278749	44.37191925	34.73902521	1.926578808
29.11692948	13.07632351	14.62605461	26.64837448	0.841992618	41.76947862	32.23035458	1.907824808
29.10915709	13.84442292	12.93286974	33.01733242	0.860070368	42.17209036	33.1688836	1.80064135
29.14592948	13.33092351	14.23565461	25.44637448	0.836323975	41.60226637	32.14117087	1.8922191
29.15992948	12.01442351	16.91435461	24.91837448	0.843230978	43.28972996	33.74031934	1.909882124
29.15315709	10.89902292	13.95986974	28.63333242	0.842798472	40.46879972	31.88062543	1.717634857
29.16715709	10.32242292	14.07996974	28.23633242	0.840934222	40.13291211	31.57152548	1.712277327
29.18115709	14.42092292	16.93286974	26.41033242	0.852887087	47.74943041	37.97106581	1.95567292
29.21792948	10.02042351	17.37085461	34.81637448	0.88166631	43.26212422	34.0172776	1.848969324
29.30321614	13.50077661	17.70150943	27.80412158	0.860550714	48.52460192	38.70263419	1.964393546
29.24692948	13.37422351	16.12155461	33.41037448	0.875607177	45.78213549	36.15863002	1.924701093
29.23915709	10.33202292	13.39536974	24.09233242	0.821952645	39.07854861	30.69278936	1.677151848
29.25315709	13.02272292	12.78866974	31.32333242	0.852106197	41.41421558	32.68331203	1.746180709
29.26815709	14.34412292	13.65356974	32.71733242	0.863491544	42.96639446	33.46758499	1.899761894
29.30392948	14.21982351	15.64715461	25.14637448	0.843519291	44.83521284	34.80030626	2.006981315
29.31892948	12.14892351	12.27775461	30.96037448	0.84802642	40.67112296	32.11005455	1.712213682
29.33292948	10.62102351	16.67415461	27.62137448	0.851246343	41.97954864	32.85101734	1.825706259
29.41821614	9.973976605	17.73160943	32.21212158	0.873050288	43.51306358	34.08596407	1.885419903
29.34015709	12.37412292	12.57246974	27.80433242	0.836731414	40.43019326	31.89072868	1.707892916
29.37592948	12.08652351	16.37985461	24.79837448	0.84154511	43.08129782	33.55678029	1.904903507
29.36915709	11.20172292	14.41636974	27.38333242	0.841173677	40.79933823	31.96226424	1.767414799
29.38315709	10.80292292	15.85176974	29.71433242	0.855908105	41.97263632	33.10262594	1.774002076
29.39815709	11.68702292	13.06496974	29.44933242	0.844436439	40.62617433	32.13703789	1.697827288
29.43392948	12.05282351	17.11255461	24.47437448	0.843567987	43.95766194	34.33584818	1.924362753
29.42615709	11.60532292	15.14906974	30.08633242	0.855775614	41.87443494	32.7125013	1.832386729
29.46292948	12.15852351	16.18165461	26.73237448	0.848695128	43.34402397	33.83432143	1.901940508
29.47692948	11.90872351	17.50895461	29.77137448	0.865858587	45.33644703	35.59859938	1.94756953
29.49192948	13.62882351	14.33175461	27.23637448	0.845612139	42.44916629	32.77045147	1.935742965
29.48415709	12.91222292	14.60256974	30.45833242	0.85727055	42.29665569	32.88585837	1.882159465
29.59121614	10.02207661	13.52140943	33.01712158	0.859261239	40.56197927	32.01097628	1.710200598
29.51315709	14.16152292	16.30226974	24.60933242	0.844318239	46.08567588	36.22364674	1.972405827
29.54892948	13.00422351	14.59605461	25.66337448	0.839786634	41.98307819	32.37588276	1.921439086
29.54215709	14.27682292	17.50346974	25.94233242	0.854711634	49.10287589	39.26759794	1.967055591
29.57792948	13.31172351	13.04655461	35.63337448	0.872598769	42.67019051	33.52284243	1.829469616
29.59292948	13.68652351	16.56605461	33.98737448	0.881719949	47.83681518	38.10694344	1.945974348
29.67821614	10.23827661	17.41320943	35.61212158	0.886862226	44.15029437	34.66877587	1.8963037
29.59915709	11.37472292	14.86076974	28.76533242	0.849726894	41.4566076	32.36869538	1.817582445
29.63592948	12.40362351	12.78225461	33.27837448	0.861053239	41.64186115	32.86397022	1.755578186
29.62815709	12.17712292	14.48836974	26.87933242	0.842219861	41.42610363	32.25672511	1.833875705
29.64315709	11.71102292	14.48236974	25.69033242	0.836829158	41.03533224	31.99340743	1.808384961
29.65715709	14.34892292	13.54546974	31.79233242	0.861095729	43.01899177	33.41711025	1.920376304
29.67115709	11.77352292	15.28716974	24.77733242	0.836879944	41.61282433	32.26859053	1.86884676
29.70792948	13.58562351	12.82425461	35.56137448	0.872335325	42.81218102	33.6189026	1.838655686
29.79321614	10.11337661	11.97180943	33.17312158	0.854248975	39.52272686	31.14394353	1.675756667
29.73692948	13.72012351	14.90235461	29.99937448	0.859846507	43.97970183	34.15060709	1.965818946
29.75092948	12.11052351	16.21165461	33.74737448	0.877529321	44.59858671	35.15291288	1.889134765
29.83621614	13.76017661	17.54540943	32.12812158	0.879369137	50.22606875	40.22802588	1.999608573
29.77992948	12.03842351	15.40085461	30.52837448	0.861353846	42.97384168	33.38666217	1.917435902
29.79392948	12.54772351	15.41285461	31.92137448	0.867743849	43.72726156	34.01300303	1.942851706
29.88021614	14.14457661	12.19400943	32.46412158	0.858790691	42.49895476	33.26740183	1.846310586
29.80115709	12.72962292	14.71066974	28.65733242	0.851746237	42.29831356	32.8216726	1.895328193
29.81615709	13.03712292	16.57846974	25.06533242	0.846365357	45.20664935	35.53327093	1.934675684
29.85192948	13.59042351	14.86035461	24.38937448	0.838450489	43.11665806	33.22085701	1.979160209
29.86592948	13.40782351	14.38585461	29.92737448	0.857387219	43.02501684	33.32121296	1.940760777
29.95221614	9.685676605	15.22110943	29.67812158	0.85411127	41.15347079	32.15763512	1.799167135
29.96621614	9.825076605	13.37120943	33.07712158	0.86020163	40.48410629	31.95967409	1.704886439
29.90992948	11.05822351	16.59605461	35.06837448	0.883699125	44.03403156	34.72582927	1.861640459
29.90215709	13.60412292	13.98386974	32.88533242	0.86702547	43.07766649	33.53886439	1.907760421
29.91615709	13.64262292	16.83076974	32.24833242	0.876717311	48.10122454	38.42023706	1.936197497
30.02421614	14.34637661	12.52440943	30.44612158	0.853341389	42.69833879	33.28015245	1.883637267
30.03821614	11.43467661	12.45830943	32.10412158	0.854907582	40.878991	32.32518777	1.710760645
29.96015709	14.55072292	16.37426974	28.74133242	0.862999181	48.44730656	38.47871103	1.993719106
30.06721614	12.38597661	13.71960943	29.49712158	0.851618528	41.83782109	32.61467852	1.844628513
29.98915709	10.49542292	12.92686974	27.55233242	0.837042259	39.77395304	31.40903458	1.672983691
30.09621614	13.84667661	12.66850943	30.72312158	0.854461068	42.43387223	33.08593249	1.869587949
30.03892948	11.49552351	16.72215461	35.87337448	0.888582331	45.00461469	35.53149115	1.894624709
30.03215709	11.06242292	15.55146974	30.09833242	0.859280416	42.35383101	33.12605206	1.84555579
30.04615709	11.66782292	14.50046974	26.93933242	0.843410031	41.44730186	32.30396886	1.8286666
30.15421614	11.77097661	11.97780943	32.39212158	0.854998871	40.82701412	32.27670257	1.71006231
30.07515709	14.20952292	15.68356974	32.69333242	0.875190501	47.05285111	37.23446351	1.963677521
30.30661638	14.00128573	17.20138477	29.94266763	0.872656983	50.40814256	40.39897701	2.001833109
30.10415709	12.83052292	14.99286974	26.36233242	0.84551665	42.76278722	33.07448561	1.937660322
30.13992948	13.65762351	13.11855461	24.00537448	0.830843894	41.76844527	32.37113289	1.879462476
30.15492948	12.16342351	17.47295461	32.89437448	0.881288831	47.27931726	37.45464909	1.964933634
30.14715709	14.56512292	16.53046974	32.54933242	0.879129567	49.66318181	39.66991476	1.99865341
30.18392948	10.76522351	15.87535461	32.52237448	0.871161877	43.01856337	33.71548664	1.860615347
30.19792948	11.26972351	17.49695461	31.63337448	0.875263181	45.59744769	35.85440754	1.948608031
30.21192948	11.94232351	16.80025461	32.47437448	0.87669694	45.54862368	35.99187563	1.911349611
30.22692948	11.06312351	17.29275461	26.01137448	0.851988344	44.0266509	34.40318949	1.924692282
30.24092948	12.16822351	17.05855461	24.05337448	0.845335025	45.26333799	35.54613197	1.943441205
30.23415709	11.05762292	14.47636974	27.04733242	0.843534369	41.17050052	32.1360494	1.806890223
30.34121614	10.15657661	12.17000943	30.80712158	0.847997618	39.71365336	31.30869149	1.680992374
30.26215709	12.53262292	13.52146974	30.73533242	0.856441013	41.97909484	32.92159288	1.811500392
30.37021614	9.810676605	17.89370943	30.15812158	0.869307878	44.49440659	34.99749262	1.899382794
30.29115709	14.20472292	13.41936974	31.50333242	0.861877734	43.27881551	33.585784	1.938606303
30.30615709	11.53802292	15.57546974	27.98433242	0.852907136	42.75909653	33.27573765	1.896671776
30.34192948	12.25942351	12.71615461	30.07137448	0.850907614	41.42184959	32.55831675	1.772706568
30.33415709	12.85462292	16.18206974	29.32933242	0.863031674	45.66035927	35.95019996	1.942031862
30.34915709	13.28702292	16.55446974	25.31733242	0.849955893	46.50876779	36.69213548	1.963326462
30.58061638	13.39588573	17.58578477	28.40566763	0.868420097	50.15955241	40.21812652	1.988285177
30.47121614	10.46407661	14.63850943	33.78612158	0.871411502	41.99169275	32.78319021	1.841700508
30.39215709	13.77232292	16.60856974	34.09833242	0.885222674	48.8721787	39.05843341	1.96274906
30.50021614	13.90917661	12.39820943	28.74112158	0.847481193	42.34640475	32.98016506	1.873247937
30.42115709	12.13862292	14.84276974	25.48533242	0.841597248	42.24272598	32.72286875	1.903971446
30.45692948	12.22582351	17.02845461	27.03237448	0.857772744	46.12213297	36.39876635	1.944673323
30.47192948	12.04322351	12.34385461	30.49237448	0.851193849	41.16588966	32.44506913	1.744164105
30.55721614	13.27007661	12.14000943	29.97812158	0.850292595	41.83744403	32.73816547	1.819855712
30.57221614	13.02027661	12.74660943	25.28112158	0.834374971	41.45763113	32.24279419	1.842967389
30.51492948	11.34652351	16.20565461	32.97837448	0.876597568	44.41793148	34.90527962	1.902530371
30.50715709	11.78792292	16.03796974	25.73833242	0.847353445	43.58582175	33.98603059	1.919958234
30.52215709	14.57952292	18.01996974	31.19133242	0.881754694	52.75203013	42.47518239	2.055369549
30.53615709	13.79632292	13.32926974	29.26933242	0.853195549	42.77096458	33.20460306	1.913272304
30.64421614	9.916376605	15.46130943	31.49112158	0.865658959	42.08541711	32.8056056	1.855962304
30.65821614	9.849076605	12.61440943	33.99012158	0.863634292	40.40474233	31.9444803	1.692052406
30.60192948	12.32672351	14.57805461	33.37437448	0.873060162	43.46702207	33.8265862	1.928087175
30.59415709	11.21132292	15.67156974	24.86133242	0.841766381	42.44308378	32.94382832	1.899851093
30.60815709	14.35372292	17.82176974	32.33233242	0.885329314	52.29992794	42.07057504	2.04587058
30.64492948	12.25462351	17.61105461	33.62737448	0.886978857	48.65510899	38.70738486	1.989544827
30.65892948	10.04442351	16.44595461	30.90037448	0.868139159	43.01364872	33.66956447	1.86881685
30.67392948	10.87572351	16.68615461	34.22737448	0.883703347	44.77510161	35.27730613	1.899559095
30.68792948	13.10512351	17.11855461	31.87337448	0.879480532	49.08117517	39.1636052	1.983513994
30.77321614	13.23647661	16.86070943	34.79512158	0.890034079	49.36815576	39.42356371	1.988918411
30.78821614	13.10197661	12.63850943	26.74712158	0.840613238	41.7860943	32.5162734	1.85396418
30.73092948	11.48592351	16.94445461	29.95137448	0.868831247	45.49432339	35.8401381	1.930837058
30.72415709	13.27742292	15.32326974	27.86433242	0.85612638	44.97471562	35.08107811	1.978727501
30.73815709	13.54172292	16.88476974	25.46133242	0.854017451	48.19492415	38.26250605	1.986483619
30.77492948	13.39342351	12.51195461	34.82837448	0.872357499	43.12486908	33.84257255	1.856459304
30.86021614	13.38537661	12.08590943	30.73512158	0.854492148	42.21284587	33.00330232	1.841908708
30.87421614	9.570376605	13.72560943	31.58812158	0.85923375	40.61895069	31.88988356	1.745813427
30.81792948	12.11532351	12.15765461	29.41037448	0.847736753	41.08289303	32.30126164	1.756326277
30.81015709	9.875622924	16.09196974	27.44333242	0.852595976	41.90405866	32.6325671	1.854298312
31.04261638	13.86678573	17.12928477	27.20366763	0.864691249	50.46615125	40.32885458	2.027459334
30.93221614	12.25627661	13.69550943	26.86712158	0.844748138	42.10373463	32.72015942	1.876715042
30.87492948	12.56222351	13.02845461	32.17337448	0.863245649	42.46816999	33.27559086	1.838515825
30.86815709	12.23962292	15.34726974	34.47033242	0.881053579	44.65913756	34.89728093	1.952371327
30.97521614	12.86167661	15.16100943	25.11312158	0.845478165	44.43006999	34.41415447	2.003183104
30.99021614	12.03047661	13.04090943	26.24212158	0.839347615	41.37843912	32.27561258	1.820565308
31.00421614	9.743376605	12.78260943	35.87612158	0.873335274	40.80066686	32.26740685	1.706652001
31.01821614	13.18837661	16.74660943	35.52712158	0.893399033	49.48014025	39.49225776	1.997576498
30.96192948	10.77482351	17.22065461	31.57337448	0.87640026	45.50613234	35.85643867	1.929938733
30.95415709	14.46902292	15.44936974	28.03233242	0.860465962	47.56155222	37.54710625	2.002889193
30.99092948	11.90392351	13.96545461	28.16137448	0.850957757	42.26709067	32.90640518	1.872137098
31.07621614	9.892276605	12.55440943	28.72912158	0.844068944	39.88827663	31.38620828	1.700413669
31.01992948	11.66372351	12.98645461	29.59137448	0.852117442	41.55328086	32.63169824	1.784316525
31.01215709	9.832322924	15.52746974	25.55833242	0.843485231	41.26326059	31.97853885	1.856944348
31.04792948	10.44322351	12.04955461	24.07737448	0.824631814	39.05554772	30.49662348	1.711784847
31.13421614	10.58417661	13.93580943	34.13412158	0.872825345	42.01824531	32.97172117	1.809304828
31.14821614	14.01487661	13.19100943	30.84312158	0.861927773	43.95615211	34.110969	1.969036622
31.16321614	11.78537661	12.75260943	35.60012158	0.875380984	42.43517008	33.52821276	1.781391463
31.10592948	13.05702351	13.28075461	33.66337448	0.871933927	43.46796096	33.979176	1.897756992
31.11992948	14.20542351	14.29575461	29.09837448	0.860567183	45.44854961	35.42601788	2.004506347
31.20621614	11.12717661	12.04390943	34.72312158	0.868145809	41.29756685	32.67542602	1.724428165
31.14892948	13.19162351	12.28975461	35.68137448	0.876065971	43.23884902	34.00631058	1.846507687
31.23521614	12.68387661	13.58140943	29.83412158	0.857796513	42.97674725	33.42175682	1.910998085
31.17792948	11.32732351	14.60205461	31.96937448	0.868564583	42.97771836	33.43158601	1.909226469
31.19292948	11.91352351	17.54505461	29.87937448	0.873693288	48.16878964	38.27933119	1.97789169
31.27821614	14.29837661	12.81870943	26.18212158	0.843543567	43.56876246	33.86103787	1.941544918
31.22092948	9.991623515	16.71615461	28.76237448	0.863029252	43.57629784	34.01754224	1.911751122
31.23592948	12.35072351	14.45195461	32.81037448	0.873027695	44.01749617	34.32993391	1.937512452
31.24992948	12.13452351	14.39185461	35.10437448	0.881630334	44.02903525	34.40088391	1.925630269
31.33621614	10.78117661	15.91780943	35.44312158	0.887594615	44.68454272	34.98140667	1.94062721
31.27892948	14.16222351	14.36785461	27.99337448	0.857254775	45.63711554	35.60331128	2.006760852
31.27115709	13.81072292	16.79476974	24.82533242	0.853987331	49.0821718	38.98047524	2.020339311
31.28615709	10.69722292	15.82176974	28.87333242	0.860340518	43.24953584	33.66028349	1.917850471
31.30015709	11.36512292	17.02296974	25.61833242	0.853717065	45.3495153	35.66363183	1.937176694
31.40821614	10.20467661	13.05890943	34.02612158	0.869335833	41.29588887	32.62029072	1.735119629
31.35092948	12.15372351	17.06455461	31.03237448	0.877250899	48.03871247	38.15090127	1.977562239
31.43621614	9.873076605	17.68350943	30.78312158	0.875536015	45.8243306	36.21924064	1.921017992
31.45121614	10.69467661	17.55140943	33.79812158	0.888245588	47.19849605	37.38305339	1.963088533
31.39392948	9.684123515	13.10655461	25.53137448	0.835130919	39.69909615	31.037994	1.73222043
31.38715709	12.77772292	15.08296974	34.74733242	0.884020623	45.73673649	35.93198315	1.960950668
31.49421614	10.00287661	13.59340943	34.85512158	0.875078867	41.56746672	32.71140452	1.77121244
31.50921614	12.90497661	13.73160943	27.55212158	0.851161618	43.42969706	33.71971008	1.941997396
31.52321614	10.47847661	13.21500943	34.17012158	0.871425298	41.6903671	32.89920916	1.758231588
31.44415709	13.11402292	17.16106974	31.44333242	0.880569948	49.71706754	39.71141079	2.001131349
31.55221614	10.10857661	14.10390943	30.42212158	0.859748942	41.4747907	32.33358236	1.828241667
31.47315709	14.06062292	15.26316974	33.43733242	0.881981938	48.10093343	38.17210595	1.985765496
31.58121614	9.887476605	15.05890943	31.79212158	0.869104167	42.36437677	32.86083828	1.900707697
31.50215709	11.89842292	15.14306974	32.40433242	0.874175916	44.50184906	34.7156564	1.957238532
31.73361638	10.97428573	17.86208477	24.72966763	0.85603123	47.36884973	37.70172391	1.933425163
31.55292948	10.01082351	12.03145461	23.96937448	0.825584792	38.88658174	30.2791244	1.721491468
31.63821614	14.22147661	12.04990943	32.64512158	0.866482268	43.98888979	34.32884883	1.932008192
31.58192948	11.40422351	13.67715461	27.66937448	0.849485321	42.02258171	32.75543919	1.853428503
31.59592948	11.01982351	12.52995461	24.65437448	0.832196115	40.32455424	31.47803347	1.769304155
31.58915709	13.01792292	15.31726974	32.35633242	0.876789521	46.54432568	36.64409406	1.980046324
31.62492948	11.81262351	14.03745461	30.67237448	0.863664379	43.17608991	33.70098071	1.89502184
31.61715709	12.19632292	15.98986974	27.02333242	0.857561725	45.87214177	35.968904	1.980647555
31.65392948	12.12492351	13.85735461	28.91837448	0.856636866	43.12872347	33.61746451	1.902251792
31.64615709	12.60472292	15.25716974	29.19733242	0.863754214	45.51424266	35.61378148	1.980092236
31.75421614	13.14517661	14.97480943	28.82512158	0.86278502	46.2478778	36.24682928	2.000209704
31.67515709	11.88402292	15.86976974	29.30533242	0.865705445	45.56525709	35.685167	1.976018016
31.68915709	13.58972292	16.15806974	25.26933242	0.854368854	48.2093926	38.0972649	2.022425539
31.72592948	14.27752351	12.49395461	34.98437448	0.878325157	45.0166794	35.32874541	1.937586799
31.71815709	10.54832292	16.78266974	25.01733242	0.850784205	44.22782673	34.56863818	1.93183771
31.75492948	10.34232351	13.73715461	24.53437448	0.836435282	40.72759778	31.58125585	1.829268385
31.84021614	9.834676605	13.14900943	34.41012158	0.872642192	41.23858847	32.50084814	1.747548065
31.85521614	13.30377661	17.96580943	28.62112158	0.875273308	51.81239663	41.37000535	2.088478257
31.86921614	10.43527661	12.30210943	31.67212158	0.858898706	40.8677017	32.18141068	1.737258204
31.81192948	13.53272351	14.84235461	30.87637448	0.871457557	46.91389416	36.94621881	1.99353507
31.80515709	11.91282292	15.34126974	34.45833242	0.884505597	45.51501576	35.65908372	1.971186407
31.91221614	13.39497661	15.07690943	28.12812158	0.861650656	46.97288701	36.90448208	2.013680986
31.83415709	13.57532292	16.15206974	35.94833242	0.896353418	49.76873584	39.65536587	2.022673994
31.94121614	11.86707661	16.53640943	32.34412158	0.881862057	47.77865422	37.80505991	1.994718862
31.95521614	13.60647661	13.38920943	28.32012158	0.855794436	44.51094926	34.68942073	1.964305706
31.97021614	11.33377661	14.01990943	25.30512158	0.842853847	42.40665	32.89618685	1.90209263
31.89115709	11.02872292	15.94786974	29.34133242	0.865789321	44.70619479	34.92337569	1.956563818
31.92792948	11.21682351	13.15465461	26.55237448	0.844028758	41.52887352	32.39210251	1.827354203
31.94192948	9.679323515	13.40085461	28.10137448	0.848937957	40.40221298	31.54458883	1.771524831
32.02721614	12.64067661	12.01990943	27.08312158	0.843729702	41.78268864	32.42848262	1.870841204
32.04221614	10.15177661	14.44030943	35.23912158	0.88273284	42.84166751	33.42589129	1.883155245
31.98492948	12.05762351	12.99245461	31.89737448	0.865951026	42.98052733	33.73755891	1.848593686
31.99992948	11.80302351	17.64115461	33.61537448	0.892141331	49.78672136	39.63452278	2.030439716
32.08521614	10.26227661	16.08590943	28.75312158	0.863938913	44.25463257	34.43994171	1.962938171
32.00715709	13.46482292	16.98686974	26.18233242	0.862462089	49.85902475	39.68117437	2.035570078
32.11421614	13.00587661	17.79160943	34.53012158	0.898243927	52.0861241	41.5328195	2.110660921
32.12821614	9.546376605	15.70150943	30.25412158	0.867504306	43.00580328	33.32404614	1.936351426
32.07192948	10.78922351	14.68015461	28.83437448	0.859433184	43.08739737	33.43963935	1.929551604
32.15721614	10.23347661	13.53940943	33.40112158	0.872080553	41.88974455	32.86782139	1.804384632
32.17221614	13.62567661	17.07090943	33.54612158	0.892552135	51.6866442	41.17017439	2.103293962
32.11492948	11.81742351	12.72215461	27.52537448	0.847777711	41.96366886	32.73402317	1.845929138
32.20021614	10.36797661	17.59940943	28.60912158	0.870433366	47.15336668	37.34757275	1.961158785
32.14392948	12.07692351	13.05255461	28.70237448	0.854343773	42.77077041	33.41447964	1.871258153
32.22921614	13.68807661	12.11600943	31.20312158	0.862774638	43.90269624	34.25870463	1.928798321
32.15115709	14.06542292	16.30826974	26.54333242	0.862721965	49.89942685	39.63229559	2.053426252
32.25821614	13.58237661	12.90270943	29.37712158	0.859006176	44.53690306	34.8730071	1.932779193
32.18015709	12.71522292	16.27216974	33.06533242	0.885659855	48.7568384	38.72501011	2.006365657
32.21592948	10.63062351	14.43995461	25.83137448	0.846929697	42.35849488	32.78626974	1.914445028
32.22992948	13.29252351	14.00745461	34.76837448	0.884525259	46.19840758	36.45708084	1.948265347
32.31621614	9.704976605	12.62050943	28.52412158	0.84852623	40.22849496	31.48521846	1.748655299
32.23715709	11.20652292	16.71066974	26.37433242	0.859065662	46.18384862	36.37675809	1.961418105
32.34521614	13.84187661	14.86670943	29.08912158	0.867110397	47.98459941	37.89560115	2.017799652
32.26615709	13.00352292	16.50646974	26.63933242	0.862450406	48.82239931	38.73095559	2.018288744
32.37321614	10.75237661	16.93880943	28.88512158	0.870033466	46.80931239	36.89090743	1.983680993
32.38821614	12.89047661	15.45530943	24.68112158	0.851121611	47.14672447	36.98178722	2.03298745
32.33092948	10.05882351	12.71015461	24.24537448	0.832911908	39.97682389	31.09462182	1.776440413
32.34592948	11.82702351	14.56605461	30.29937448	0.8675018	44.83074069	35.0907924	1.947989659
32.33815709	13.35432292	16.17006974	25.90633242	0.859168554	48.77488816	38.6381813	2.027341373
32.37492948	10.38082351	12.48795461	26.60037448	0.841956953	40.45396334	31.55902939	1.778986792
32.46021614	13.91397661	14.45230943	32.26012158	0.878203137	47.84039392	37.85075197	1.997928389
32.40292948	10.75552351	14.61405461	26.03537448	0.849459222	43.01221069	33.33494522	1.935453093
32.41792948	10.16462351	12.24175461	26.05937448	0.838628851	39.94256565	31.09465492	1.769582147
32.41015709	13.99332292	16.84276974	31.20333242	0.88384616	51.3976831	40.94604029	2.090328562
32.42515709	13.37352292	17.47936974	30.80733242	0.884012926	51.42823892	41.02101902	2.08144398
32.43915709	14.44502292	15.97786974	28.53733242	0.870859293	50.45372223	40.14473788	2.061796872
32.47492948	9.905123515	14.25375461	25.90337448	0.846390307	41.39486006	31.93985325	1.891001362
32.48992948	10.48652351	14.15165461	25.51937448	0.845413211	42.00274011	32.47846965	1.904854092
32.57521614	11.17997661	14.35620943	35.49112158	0.886959013	44.59520009	34.99852117	1.919335784
32.59021614	12.57817661	14.10990943	29.89412158	0.865862847	45.42999647	35.70602007	1.944795279
32.53292948	12.83602351	12.63205461	31.44037448	0.866156413	43.99264993	34.52171072	1.894187842
32.52515709	13.65702292	17.45536974	26.12233242	0.86674566	51.14550864	40.77020337	2.075061055
32.54015709	14.30562292	15.89986974	32.11633242	0.884459366	50.71639671	40.41973733	2.059331875
32.64721614	10.16617661	12.07990943	33.29312158	0.867399852	40.97828042	32.10982948	1.773690188
32.59092948	13.87872351	12.13355461	34.07137448	0.876257545	45.05698898	35.37432791	1.936532214
32.67621614	11.30497661	13.33520943	25.63012158	0.844133128	42.34764245	32.90956094	1.887616302
32.61992948	9.765823515	13.99545461	28.23337448	0.854985399	41.31297267	31.95676992	1.87124055
32.63392948	11.75012351	17.60505461	31.29637448	0.885393362	50.06791088	39.83406425	2.046769326
32.62615709	12.20592292	17.38926974	26.07433242	0.864095723	49.23841587	39.19047487	2.009588199
32.73421614	13.80827661	12.51840943	27.23912158	0.851581615	44.72603762	35.10640075	1.923927373
32.74821614	13.49107661	14.81260943	26.99912158	0.859960617	47.71587094	37.63412544	2.0163491
32.67015709	13.79152292	17.06496974	29.20933242	0.877839049	51.32344811	40.86541153	2.091607317
32.68415709	13.06602292	17.53946974	30.32633242	0.882980032	51.23672852	40.83368248	2.080609209
32.79121614	13.87067661	13.40720943	24.33212158	0.844738849	45.72643776	35.87346324	1.970594905
32.73492948	11.31292351	13.89335461	26.74437448	0.851513169	43.22716982	33.64876312	1.91568134
32.82021614	14.14937661	12.59040943	26.26612158	0.849180535	45.28447186	35.6522307	1.926448232
32.74215709	10.71642292	16.66256974	24.92133242	0.854503766	45.81235738	36.03509268	1.955452941
32.75615709	13.96932292	16.70466974	31.03533242	0.884039444	51.37806473	40.90246948	2.095119049
32.79292948	11.54352351	14.12155461	27.56137448	0.85630874	44.07918336	34.44298359	1.927239955
32.87821614	11.45867661	17.64150943	35.66012158	0.903146743	50.56553914	40.20803683	2.071500461
32.82092948	10.90452351	14.20565461	28.17337448	0.858165245	43.36985896	33.76037681	1.92189643
32.83592948	12.39882351	12.01345461	30.62437448	0.860927107	42.80176571	33.27606153	1.905140837
32.92121614	12.49167661	17.87570943	33.28112158	0.896312286	51.94487678	41.27199325	2.134576707
32.84315709	12.66722292	15.95986974	28.18833242	0.867975842	48.430965	38.36991844	2.012209313
32.95021614	10.60347661	12.95680943	30.87912158	0.863331183	42.07672222	32.92138306	1.831067833
32.96421614	13.21727661	12.31410943	24.39212158	0.839688896	43.49291806	33.92127291	1.914329029
32.97921614	11.02627661	15.15500943	33.47312158	0.883716318	45.92214387	36.0010145	1.984225874
32.99321614	10.61307661	14.50030943	32.75312158	0.877570642	44.22785191	34.56891235	1.931787912
33.00821614	9.647276605	13.46130943	31.76812158	0.868004047	41.42851451	32.25901904	1.833899093
32.92915709	13.48402292	15.79776974	30.20633242	0.876881746	49.6076513	39.44596617	2.032337027
33.27598922	14.22296559	15.02687768	25.83920842	0.859297627	49.15686078	39.07735595	2.015900966
32.97992948	10.23662351	14.15765461	27.30837448	0.8541939	42.36238164	32.78158638	1.916159052
33.06521614	13.13557661	14.14600943	28.71712158	0.864435943	46.83022418	36.98786838	1.96847116
33.08021614	9.767376605	15.84570943	31.91212158	0.879131604	45.00825436	35.16258788	1.969133296
33.09421614	13.86107661	14.90870943	30.05012158	0.87418028	49.16304972	39.02598605	2.027412735
33.01615709	12.14832292	17.10106974	24.53733242	0.85848589	48.86847883	38.83039027	2.007617711
33.03015709	14.19512292	16.00196974	31.82833242	0.885668121	51.04528388	40.69105005	2.070846765
33.13721614	10.38237661	13.81560943	35.72012158	0.886981529	43.47599563	34.10098272	1.875002581
33.15221614	10.74757661	12.12800943	30.13412158	0.857905105	41.38430644	32.17218824	1.842423641
33.16621614	12.74157661	13.65950943	27.45512158	0.857208048	45.61205454	35.91280683	1.939849543
33.10992948	13.54232351	13.72515461	34.58837448	0.886730304	47.50733307	37.82697278	1.936072058
33.10215709	14.31042292	17.46136974	26.47033242	0.871777923	52.26252338	41.5108438	2.150335915
33.11615709	14.40172292	15.70766974	29.36533242	0.875680624	50.64712921	40.36289623	2.056846594
33.22421614	13.39017661	16.84270943	26.97512158	0.87023315	50.88654707	40.37363698	2.10258202
33.14515709	13.70022292	15.37726974	34.55533242	0.893346329	49.97108068	39.85046344	2.024123449
33.49298922	13.63196559	15.29117768	25.98320842	0.860732392	49.10110461	39.03279274	2.013662375
33.26721614	12.91457661	14.24210943	29.90612158	0.869903163	47.14663459	37.34609886	1.960107144
33.28221614	10.50257661	17.53940943	34.71112158	0.899375917	49.55195748	39.35738584	2.038914329
33.22492948	10.25582351	14.09755461	28.30537448	0.85896836	42.69271342	33.09194988	1.920152707
33.23892948	11.23602351	14.33775461	30.79237448	0.871369237	45.00005653	35.35267208	1.929476889
33.23215709	12.97472292	17.28716974	25.93033242	0.867066766	50.51012413	40.19361155	2.063302517
33.33921614	11.85267661	14.80060943	24.86112158	0.851157541	46.13045125	36.20258595	1.98557306
33.35421614	13.59687661	16.50630943	27.91212158	0.873334477	50.94378081	40.42904026	2.102948109
33.36821614	11.10797661	14.05590943	33.64212158	0.881522016	44.90399201	35.3515255	1.910493302
33.38221614	11.43947661	16.54840943	35.38312158	0.899552981	49.47117288	39.22937432	2.048359713
33.39721614	10.87727661	17.22110943	34.54312158	0.898340315	49.64111296	39.37464893	2.053292806
33.31815709	12.48942292	16.56646974	27.01133242	0.867692686	49.3359874	39.23926029	2.019345422
33.42621614	11.87187661	16.41020943	35.03512158	0.89833604	49.82057836	39.54787789	2.054540094
33.44021614	10.49287661	12.38620943	29.41312158	0.856981188	41.50261864	32.23718247	1.853087234
33.45521614	12.98657661	12.79460943	28.51212158	0.859239623	45.30250576	35.73967897	1.912565358
33.37615709	12.84502292	16.42236974	28.27233242	0.872835206	49.81874852	39.65406501	2.032936703
33.41192948	10.54892351	13.47295461	25.99937448	0.848424686	42.22062385	32.69826159	1.904472452
33.49821614	10.01727661	14.11600943	29.19712158	0.863013322	42.81887166	33.18634404	1.926505524
33.51221614	13.85627661	13.79760943	30.90312158	0.874531534	48.11515303	38.24781412	1.973467782
33.52721614	13.37577661	13.32320943	29.46112158	0.866154192	46.81877631	37.14401403	1.934952456
33.54121614	12.45807661	14.99280943	26.89112158	0.861750037	47.77713003	37.74234071	2.006957864
33.55521614	9.964376605	16.17600943	34.50612158	0.893302272	46.9282028	36.99191451	1.987257659
33.57021614	13.08747661	14.75260943	28.95712158	0.869960095	48.45308994	38.44784249	2.00104949
33.51292948	9.847423515	12.75825461	34.29937448	0.878062413	41.80274018	32.63558513	1.83343101
33.50615709	13.45042292	14.92086974	34.62733242	0.892861899	49.39424644	39.4532283	1.988203629
33.61321614	13.55837661	13.07690943	27.86412158	0.859647788	46.65464643	36.98765907	1.933397472
33.62721614	10.33437661	16.40420943	32.68112158	0.887667513	47.69721336	37.68798285	2.001846102
33.64221614	10.73797661	13.85170943	24.38012158	0.844578695	43.12041809	33.46032267	1.932019084
33.65621614	9.604076605	17.67750943	31.31112158	0.886680854	48.59299819	38.5650422	2.005591199
33.57815709	12.76812292	15.91786974	27.39533242	0.868021678	49.18087792	39.09297261	2.017581061
33.68521614	13.16437661	14.38020943	26.47012158	0.859471388	47.84875175	37.88963848	1.991822652
33.70021614	14.34157661	16.37420943	25.66612158	0.867101527	51.50589456	40.8567987	2.129819172
33.71421614	10.48807661	17.13700943	30.31412158	0.881852244	48.78648462	38.64947278	2.027402368
33.72821614	9.724176605	17.05890943	30.43412158	0.881015124	47.6772685	37.69135688	1.997182325
33.74321614	11.65087661	17.62350943	25.46112158	0.866744474	50.06961851	39.76768547	2.060386609
33.66415709	13.95972292	16.14606974	34.57933242	0.899293423	51.64815655	41.15969952	2.097691407
33.77221614	12.07367661	15.53940943	35.33512158	0.897585662	49.26080005	39.10359716	2.031440576
33.71492948	10.48172351	13.88735461	24.57037448	0.845739403	42.82790887	33.17015745	1.931550284
33.80021614	10.18057661	17.61140943	30.98712158	0.886484997	49.31268983	39.15298828	2.03194031
33.74392948	14.31592351	17.86335461	30.57637448	0.892571181	54.00425479	42.41081006	2.318688945
33.75792948	10.33272351	12.31975461	24.89437448	0.840314941	40.75308546	31.37975739	1.874665614
33.84421614	12.57337661	16.67450943	35.88812158	0.905603241	51.34705122	40.76040639	2.117328967
33.85821614	13.80347661	13.60540943	34.80712158	0.89026316	48.81158492	39.05773355	1.950770275
33.87321614	13.48147661	13.28110943	29.85812158	0.869153146	47.49057932	37.80539402	1.93703706
33.88721614	11.22327661	13.04690943	31.43112158	0.870765191	44.09016469	34.62179722	1.893673494
33.90121614	11.76617661	14.51840943	33.49712158	0.886061085	47.42696147	37.68252602	1.94888709
33.91621614	9.930776605	17.79760943	25.20912158	0.864431322	48.43366473	38.44019228	1.99869449
33.93021614	10.67067661	12.92080943	35.85212158	0.887420441	43.7648374	34.40708018	1.871551445
33.94521614	10.29587661	15.12500943	33.26912158	0.885899833	46.21289447	36.3433466	1.973909574
33.86615709	12.35492292	15.22716974	32.98133242	0.887515456	48.80327231	38.87664658	1.985325145
33.97321614	10.88687661	13.10090943	33.59412158	0.879545968	44.03349545	34.61030452	1.884638187
33.89515709	10.71162292	15.26916974	27.25133242	0.862647162	45.84264946	36.05653699	1.957222495
34.00221614	10.91577661	14.48830943	31.62412158	0.877678914	46.02351435	36.28923851	1.946855167
34.01721614	10.39687661	13.64150943	34.15812158	0.883664897	44.05641567	34.54863521	1.901556092
33.93815709	13.08042292	15.01096974	33.22133242	0.888959443	49.44360096	39.50403688	1.987912817
34.04621614	13.40467661	14.77660943	29.05312158	0.873000182	49.35024009	39.2606941	2.017909198
33.98892948	10.15012351	12.93235461	27.24837448	0.852911451	41.77024732	32.31565316	1.890918832
34.07421614	13.43347661	13.32920943	29.20912158	0.867618996	47.69798553	37.9770043	1.944196245
33.9436628	12.40726147	17.69439248	32.67124126	0.898322537	52.35555006	41.28448213	2.214213587
34.10321614	12.22747661	13.16100943	26.35012158	0.853837925	45.4187309	35.78657649	1.926430881
34.02515709	13.19092292	15.56946974	34.02633242	0.895016257	50.38817663	40.2085523	2.035924867
34.03915709	10.69242292	16.31426974	24.42833242	0.856550777	46.94974584	37.15373294	1.959202582
34.05315709	13.68582292	15.40136974	31.15533242	0.883995453	50.38585631	40.21243623	2.034684016
34.16121614	10.86767661	16.00780943	35.78012158	0.901433709	48.95226186	38.83944149	2.022564072
34.10392948	12.47092351	12.62605461	32.51037448	0.876421606	45.83083842	36.30389426	1.905388832
34.19021614	13.61127661	14.04990943	29.02912158	0.870814666	48.80690524	38.84671828	1.992037393
34.20421614	10.38717661	17.90570943	24.69312158	0.864797642	49.309474	39.18814143	2.024266514
34.14692948	11.53872351	14.14565461	29.54337448	0.869902329	46.377275	36.71746896	1.931961209
34.23321614	13.28927661	14.03790943	29.54612158	0.87236026	48.58074782	38.70249093	1.975651378
34.17592948	9.823423515	13.71315461	24.90637448	0.847233224	42.10689855	32.47150194	1.927079324
34.26221614	10.24787661	15.34120943	33.36512158	0.888485887	46.96558439	37.05259546	1.982597785
34.27621614	9.623276605	13.87570943	34.26612158	0.885225019	43.51157462	33.89075704	1.924163516
34.19815709	11.53322292	15.12506974	28.12833242	0.868066104	47.47298984	37.6366354	1.967270887
34.30521614	9.565576605	17.71960943	24.42812158	0.862105353	48.0902613	38.1257678	1.9928987
34.31921614	10.73317661	16.73460943	33.32912158	0.895128043	49.62782653	39.40177783	2.045209739
34.33421614	11.20887661	14.33220943	35.45512158	0.894199102	47.19140388	37.47541653	1.94319747
34.25515709	11.32182292	16.91486974	24.51333242	0.861406561	48.76066043	38.79201916	1.993728255
34.29192948	10.94772351	13.52095461	29.00237448	0.864831503	44.45421914	34.84587202	1.921669425
34.30592948	13.04742351	17.67715461	31.02037448	0.893743755	52.52911244	41.19939753	2.265942983
34.39121614	12.65507661	13.89370943	29.63012158	0.871637432	47.92692903	38.18666395	1.948053017
34.40621614	9.853876605	16.74060943	24.36812158	0.858570204	47.11415026	37.23798841	1.975232371
34.42021614	10.60827661	16.16400943	34.44612158	0.897478974	48.9980824	38.90716805	2.018182869
34.34215709	13.32062292	13.59346974	26.20633242	0.857849921	47.57731488	37.89660746	1.936141485
34.44921614	14.25507661	15.51530943	26.48212158	0.869567473	50.98838816	40.48751999	2.100173634
34.46421614	13.25087661	13.64750943	35.37112158	0.894364077	49.12352155	39.38224999	1.948254313
34.40692948	12.18742351	13.22665461	31.24837448	0.874836944	46.62965209	37.04964628	1.916001163
34.49221614	14.16377661	16.15200943	31.04712158	0.889709605	52.09098392	41.27741717	2.16271335
34.43592948	10.86122351	13.86335461	26.11937448	0.855379972	44.64350424	34.97204276	1.934292295
34.42815709	13.39272292	14.90286974	34.08633242	0.894463462	50.20021121	40.18132211	2.00377782
34.46492948	14.35912351	16.40985461	27.02037448	0.876034475	52.02954894	41.18177952	2.169553885
34.55021614	13.64007661	16.49430943	29.28112158	0.883699439	51.67499849	40.87966796	2.159066106
34.56421614	14.19257661	15.47930943	26.73512158	0.870740871	50.98003789	40.48038402	2.099930773
34.48615709	12.97952292	15.17906974	30.30233242	0.880385247	49.74325998	39.72083663	2.004484668
34.4476628	11.25896147	15.73639248	31.37324126	0.885298794	49.28587473	39.21789369	2.013596208
34.60821614	10.39197661	17.82770943	35.69612158	0.910028345	51.16420617	40.64909974	2.103021287
34.55092948	13.40302351	17.17865461	26.14337448	0.874493806	51.70797395	40.73312041	2.194970709
34.4906628	14.13216147	13.96469248	28.50224126	0.871671364	49.81338761	39.65931703	2.030814116
34.65121614	13.64487661	12.42230943	25.83412158	0.853635418	46.86127358	37.24967259	1.922320198
34.59392948	11.39462351	12.31375461	29.08637448	0.862024767	43.61946613	33.90122543	1.943648139
34.68021614	13.79377661	12.07390943	25.13712158	0.849877422	46.26303772	36.6522434	1.922158864
34.69421614	9.776976605	13.80360943	32.48812158	0.879672095	43.92524514	34.23636796	1.937775435
34.63792948	10.12132351	13.77325461	24.17337448	0.847018595	43.19015601	33.52690249	1.932650704
34.63015709	14.22872292	13.64756974	32.50033242	0.885160758	49.79908117	39.96589982	1.966636271
34.66592948	12.99462351	17.94145461	24.58237448	0.871396938	52.30284602	41.07705155	2.245158895
34.6066628	10.43246147	15.90459248	28.31024126	0.873309741	48.19787535	38.26476851	1.986621367
34.69492948	13.22522351	13.13655461	33.26637448	0.885228036	48.63026844	38.96080687	1.933892314
34.70992948	11.82222351	17.31675461	26.29937448	0.873484711	50.5231132	40.03281764	2.098059113
34.70215709	10.21192292	15.86376974	24.88533242	0.858474297	46.5872017	36.84959653	1.947521035
34.71615709	12.30682292	14.27816974	27.54033242	0.865655555	47.87797786	38.19178014	1.937239545
34.82421614	10.25747661	12.26010943	32.98112158	0.876273134	42.7150377	33.04290404	1.934426731
34.83821614	9.796176605	15.50330943	33.88212158	0.893141115	47.46578599	37.55333706	1.982489787
34.78192948	9.664923515	13.77925461	24.08937448	0.846605577	42.62955587	32.9884662	1.928217934
34.86721614	10.14217661	16.44630943	30.29012158	0.883234921	48.68726177	38.67768378	2.001915598
34.78915709	11.94172292	16.44036974	24.20033242	0.861546114	49.28045957	39.26211225	2.003669464
34.82492948	10.11172351	13.84535461	25.97537448	0.855207558	43.80308945	34.11406804	1.937804282
34.91021614	13.73617661	15.94780943	30.92712158	0.88939906	51.63586915	40.93330745	2.14051234
34.85392948	11.22162351	12.66815461	27.42837448	0.857819907	44.05755965	34.35911866	1.939688197
34.86792948	10.89492351	17.83925461	28.02937448	0.881645005	50.70095596	40.20852384	2.098486424
34.95421614	12.39557661	12.70450943	35.25112158	0.890694729	47.47747875	37.89641973	1.916211804
34.89692948	9.780223515	12.97445461	24.26937448	0.844579393	41.83853782	32.25299833	1.917107898
34.88915709	12.06182292	14.74066974	31.45533242	0.883302784	48.91825402	39.10647668	1.962355468
34.99721614	11.54037661	12.50030943	33.25712158	0.880872194	45.46599752	35.82942765	1.927313974
34.91815709	11.88882292	15.78566974	28.54933242	0.876132864	49.43614322	39.43329899	2.000568847
34.93315709	13.71462292	14.60856974	32.58533242	0.889984653	50.41839173	40.34848482	2.013981382
34.94715709	12.36932292	16.20016974	25.32933242	0.866329729	49.75057651	39.64829502	2.020456299
35.05521614	10.20947661	14.29010943	29.91812158	0.873485287	45.7852164	35.9906021	1.95892286
34.9236628	12.68596147	17.89259248	31.73424126	0.900072122	53.385767	41.57290165	2.362573069
35.08321614	11.96797661	12.33820943	24.17612158	0.845621633	44.42141431	34.72795751	1.938691359
35.00515709	12.67202292	14.17006974	25.96633242	0.860976067	48.24492549	38.4758168	1.953821737
35.04092948	13.48472351	17.41885461	29.48337448	0.890556624	52.77479827	41.14653644	2.325652366
34.9816628	11.13876147	16.64329248	32.05824126	0.893968678	50.61239414	40.276302	2.067218427
35.06992948	11.52912351	17.53295461	29.35037448	0.887385552	51.1511274	40.41016606	2.148192268
35.06215709	12.38852292	15.39536974	30.48233242	0.883473117	49.90849227	39.84850051	2.011998351
35.17021614	11.56917661	13.35320943	29.53412158	0.870490499	46.65733317	36.95439825	1.940586984
35.09115709	13.29662292	13.68956974	33.04133242	0.887867251	49.480891	39.71857901	1.952462397
35.0536628	12.59946147	14.67939248	35.54124126	0.901901492	50.49841434	40.35537833	2.028607203
35.14192948	10.58262351	17.91135461	26.20337448	0.875433179	50.3917801	39.99272602	2.079810816
35.13415709	13.82992292	15.82776974	31.22733242	0.890894344	51.53310224	40.95691479	2.115237491
35.0966628	12.06616147	14.87759248	34.12424126	0.896518493	50.11546913	40.00689791	2.021714242
35.25621614	12.69347661	16.59040943	35.20312158	0.908688948	52.09755584	41.16952789	2.18560559
35.27121614	10.32957661	15.93580943	29.10112158	0.878287994	48.55757024	38.58658365	1.994197318
35.28521614	10.72837661	12.43430943	24.27212158	0.845091222	42.93862633	33.2273416	1.942256946
35.22892948	12.76402351	16.99245461	32.85837448	0.901517146	52.15965599	41.02349887	2.227231425
35.24292948	10.97662351	13.65915461	27.84937448	0.864921606	45.92245499	36.21320038	1.941850923
35.23515709	13.21492292	13.05296974	24.69333242	0.85332224	47.55300537	37.83423069	1.943754936
35.34321614	13.43827661	15.52140943	27.52712158	0.875807278	50.80155817	40.3078281	2.098746014
35.28592948	11.25522351	17.68315461	25.98737448	0.875301566	50.74473717	40.14946039	2.119055356
35.30092948	13.84982351	16.23565461	27.71737448	0.880535418	51.79744588	40.93042048	2.173405081
35.2406628	10.87456147	15.36409248	31.03724126	0.885185698	49.21224692	39.17766102	2.006917181
35.40021614	12.85207661	15.30510943	25.36512158	0.865770306	49.9083356	39.63172726	2.055321667
35.41521614	12.59747661	15.35920943	34.74712158	0.902183887	50.96025147	40.55358139	2.081334016
35.33615709	11.56212292	14.81876974	28.89733242	0.874653228	48.56389853	38.70567995	1.971643715
35.35115709	12.07142292	14.03796974	27.49133242	0.866724831	47.97300805	38.24970815	1.94465998
35.36515709	11.63412292	14.16406974	28.94533242	0.87230405	47.7960504	38.07730041	1.943749998
35.47321614	11.54997661	12.03790943	35.15512158	0.88851423	45.60101715	35.89242852	1.941717726
35.48721614	11.61247661	13.34720943	28.42812158	0.867527789	46.96895667	37.19994438	1.953802458
35.50121614	11.27127661	12.62650943	24.41612158	0.848305034	44.47199248	34.74034017	1.946330463
35.3706628	10.74966147	15.83849248	29.60824126	0.881889149	49.44475219	39.40732768	2.007484902
35.3846628	12.25356147	17.79049248	32.07024126	0.902227053	53.11043013	41.33640553	2.354804919
35.54521614	11.73257661	12.35020943	29.65412158	0.868577326	45.63028099	35.893978	1.947260599
35.55921614	13.09717661	16.27810943	33.66612158	0.903183841	52.05128121	41.10226893	2.189802456
35.57321614	9.801076605	15.40120943	32.84912158	0.89164547	48.19483676	38.23175161	1.992617029
35.51692948	10.42402351	17.97745461	28.42537448	0.885848195	50.88394632	40.33428936	2.109931391
35.60221614	9.762576605	14.21810943	33.30512158	0.888554904	46.23960566	36.39582334	1.968756464
35.54592948	11.01022351	17.38285461	26.09537448	0.875152049	50.32729023	39.91368064	2.082721918
35.55992948	10.24142351	13.50895461	24.63037448	0.851794359	44.3216998	34.65182177	1.933975608
35.5006628	11.51356147	16.04269248	33.84824126	0.901290512	50.95404202	40.58213931	2.074380541
35.66021614	11.21367661	13.62350943	31.80412158	0.882177558	47.45328068	37.66164238	1.95832766
35.5286628	11.01386147	15.26199248	34.71324126	0.900891633	49.99700706	39.84181639	2.031038133
35.68921614	10.29107661	13.05290943	26.95112158	0.859260444	44.18490828	34.46769322	1.943443011
35.70321614	10.19987661	17.32320943	24.59712158	0.867992096	49.40754353	39.25691066	2.030126573
35.71821614	11.89107661	12.48230943	33.19712158	0.884111296	46.98476775	37.2679885	1.94335585
35.73221614	12.60707661	12.87870943	29.52112158	0.872492763	48.19696687	38.35152487	1.969088399
35.74621614	10.24307661	14.15800943	31.27512158	0.881340611	46.82106972	36.95438612	1.973336721
35.68992948	12.65822351	12.19965461	32.63037448	0.882095557	47.4678306	37.74225422	1.945115275
35.77521614	12.85687661	16.24810943	34.09812158	0.905304234	52.01535137	41.08521876	2.18602652
35.69715709	11.86482292	14.54246974	24.81333242	0.859568949	48.23641393	38.37727538	1.971827709
35.73292948	13.86432351	17.38885461	27.92137448	0.888038928	53.61243632	41.7175542	2.378976424
35.81821614	11.74217661	12.88470943	28.53712158	0.867617045	46.85228214	37.04555461	1.961345507
35.74015709	10.67322292	14.56046974	25.82233242	0.861763144	46.90433741	37.17083229	1.946701022
35.84721614	10.40167661	14.62050943	34.18212158	0.89565367	48.43209155	38.43541153	1.999336004
35.7166628	12.65236147	14.31899248	35.99824126	0.905073657	50.81724665	40.59575992	2.044297345
35.78315709	11.24502292	14.00196974	28.34433242	0.87041565	47.37113177	37.63881831	1.946462692
35.79815709	11.86002292	14.87276974	30.07433242	0.881942134	49.52006803	39.53966362	1.996080881
35.90521614	11.23767661	12.44630943	33.55812158	0.885278664	46.0947137	36.34268046	1.950406649
35.91921614	11.86227661	12.15800943	32.30812158	0.880026861	46.43852952	36.69585375	1.948535155
35.93421614	9.820276605	13.70750943	35.43112158	0.896502628	46.12674689	36.33202792	1.958943793
35.8026628	10.99466147	15.97669248	33.35524126	0.899608624	50.6544436	40.39515075	2.05185857
35.87015709	12.46542292	13.82176974	33.69033242	0.893025409	49.58433366	39.69743416	1.977379898
35.90592948	14.05642351	17.89335461	28.59437448	0.893789264	55.28367072	42.88948615	2.478836915
35.91992948	12.70152351	17.01645461	25.15837448	0.874532292	51.51904119	40.53676842	2.196454554
36.00621614	10.58897661	13.73760943	27.44312158	0.865890173	46.39307492	36.59796953	1.959021079
35.8746628	11.01866147	15.53219248	33.76424126	0.899697615	50.39667417	40.17281002	2.044772831
36.03521614	10.00767661	16.26010943	26.91512158	0.873745656	48.85891895	38.88855719	1.994072353
35.95615709	12.16272292	15.97186974	24.38033242	0.865596112	49.81339535	39.68279462	2.026120146
35.9186628	10.69676147	14.96169248	34.59324126	0.900377429	49.75063029	39.62702143	2.024721772
36.00692948	9.794623515	17.59305461	34.84037448	0.911207934	51.10460967	40.62805932	2.09531007
36.09221614	10.22867661	17.25710943	35.91212158	0.914624262	51.43282575	40.88043104	2.110478942
36.03592948	13.60962351	12.12155461	34.87637448	0.893526353	49.29884785	39.43019602	1.973730366
36.02815709	12.56152292	13.96586974	30.83133242	0.883158168	49.568297	39.61118542	1.991422316
36.13621614	9.921176605	11.98380943	27.70812158	0.859102778	42.56545253	32.80077192	1.952936122
36.15021614	12.34277661	12.27810943	26.42212158	0.859240799	46.65479689	36.85847003	1.959265372
36.07115709	12.42692292	16.06796974	27.93633242	0.880718976	50.6528721	40.30505518	2.069563383
36.10792948	13.89312351	16.01945461	29.19437448	0.888753942	52.3241406	41.21830873	2.221166373
36.12192948	14.04202351	12.37985461	35.95737448	0.899894811	50.42459163	40.43802919	1.997312487
36.0626628	12.22466147	14.48119248	34.67724126	0.901357197	50.69645667	40.42939932	2.053411469
36.12915709	12.39812292	15.87576974	26.51933242	0.874597562	50.31989677	40.05656563	2.052666229
36.23621614	10.51217661	17.22710943	35.67212158	0.914488705	51.70753685	41.04576403	2.132354564
36.17992948	13.15792351	16.66815461	35.03237448	0.913350177	53.18881582	41.73711658	2.290339849
36.17215709	13.69062292	13.25116974	31.33533242	0.884561286	50.22833261	40.18296322	2.009073876
36.28021614	12.89527661	15.82770943	25.91812158	0.873907288	50.88081	40.25683345	2.12479531
36.29421614	13.63527661	15.94180943	28.41612158	0.885388744	52.02306337	40.98898531	2.206815612
36.21615709	13.10922292	13.38326974	34.67533242	0.897485383	50.2850832	40.27483525	2.00204959
36.1776628	10.92256147	15.76649248	35.97424126	0.910756233	51.03402022	40.66514459	2.073775125
36.24415709	12.56632292	14.36226974	31.87633242	0.889868849	50.19698733	40.08667593	2.02206228
36.59198922	9.677565587	15.59147768	33.16620842	0.897212502	49.19791886	39.30198427	1.979186917
36.27315709	13.75792292	12.91486974	30.99933242	0.882372162	50.00432333	40.02719536	1.995425593
36.40993375	14.00377149	17.19128681	24.24249307	0.875618817	53.76877317	42.29070289	2.295614056
36.30215709	13.17652292	14.21816974	29.28133242	0.880359169	50.1830512	39.97451411	2.041707418
36.33792948	13.76822351	15.49095461	33.77137448	0.904986152	52.4173129	41.31928028	2.219606524
36.2786628	9.971261473	15.99469248	32.95924126	0.898763483	50.13529759	40.01417928	2.024223661
36.34515709	12.51342292	13.58146974	32.64533242	0.889954404	49.67716977	39.68450813	1.998532327
36.36015709	12.45102292	15.38926974	25.24533242	0.868684285	49.95723457	39.73259888	2.044927139
36.37415709	14.32002292	13.38926974	31.39533242	0.887311901	50.99343725	40.72942572	2.052802307
36.41092948	10.61142351	17.79725461	28.51037448	0.889479677	51.32953271	40.51212994	2.163480553
36.49621614	9.671276605	13.84570943	35.99612158	0.901587769	47.05953937	37.17754455	1.976398964
36.43892948	9.640823515	17.65915461	27.87337448	0.885077578	50.15254485	39.83599124	2.063310721
36.3796628	14.18506147	12.30099248	32.44224126	0.887795624	50.51554967	40.42679444	2.017751047
36.44615709	13.05642292	13.30526974	28.16433242	0.872574796	49.37524063	39.33616327	2.007815472
36.48292948	12.57182351	12.46395461	32.29337448	0.885118606	48.7040171	38.79221647	1.982360127
36.56821614	10.13737661	12.56640943	28.03212158	0.864998566	44.42801749	34.65152371	1.955298758
36.48915709	13.52242292	14.57246974	25.40133242	0.868372641	50.23089825	39.80821684	2.084536283
36.59721614	12.37637661	17.33520943	25.53412158	0.879209446	52.23918001	40.85742092	2.276351818
36.61121614	11.56437661	12.54840943	28.80112158	0.870317001	46.97628458	37.10559575	1.974137767
36.53315709	11.80232292	14.24816974	29.48533242	0.880003463	49.30135864	39.29034501	2.002202727
36.56892948	10.40482351	17.18465461	33.54337448	0.90741188	51.39272442	40.83126505	2.112291874
36.65521614	9.940376605	16.83070943	25.18512158	0.871845422	49.35352121	39.31767845	2.007168552
36.57615709	13.98852292	15.46136974	29.22133242	0.887969709	51.94684376	40.98087969	2.193192813
36.68321614	10.54097661	13.23910943	29.59412158	0.875126965	46.67344163	36.82921816	1.968844694
36.69821614	10.80047661	16.20600943	26.50612158	0.87593611	49.85058623	39.72593707	2.024929832
36.71221614	9.733776605	12.98080943	26.45812158	0.860502399	44.47807344	34.77756234	1.940102222
36.63415709	13.09002292	13.25716974	31.37133242	0.885700094	49.99575385	39.89822606	2.019505557
36.64815709	12.24442292	13.85776974	32.26033242	0.890482094	49.82834216	39.74762883	2.016142667
36.6096628	11.46076147	17.84449248	33.54724126	0.912323069	53.74163408	41.93301245	2.361724326
36.77021614	11.23287661	16.95680943	33.63012158	0.908338068	52.01812145	41.13239142	2.177146006
36.69115709	13.06122292	15.49746974	27.23933242	0.879323979	50.92734736	40.31476737	2.122515996
36.70615709	13.90202292	14.38026974	34.17033242	0.903012098	51.76656195	41.06586664	2.140139062
36.81321614	11.79017661	17.50330943	30.91512158	0.900825402	52.77947139	41.14127801	2.327638676
36.73415709	12.87382292	12.45236974	30.55533242	0.879181674	48.73350972	38.86642938	1.973416068
36.74915709	14.51222292	15.35326974	31.52833242	0.898048641	52.8990531	41.67208745	2.245393131
36.85621614	9.988376605	12.20000943	34.35012158	0.889804173	44.91857198	35.07139185	1.969436027
36.87121614	14.21667661	15.02290943	29.93012158	0.890770651	52.32407363	41.10071191	2.244672343
36.88521614	14.24547661	12.68050943	28.54912158	0.87567022	50.42069025	40.15884309	2.052369432
36.90021614	13.76977661	14.27810943	26.84312158	0.875133367	50.78845538	40.01835732	2.154019612
36.91421614	10.59867661	15.96580943	27.62412158	0.879922559	49.83274621	39.70644577	2.025260087
36.92821614	11.52117661	12.40420943	34.20612158	0.892420428	47.92065153	38.03003116	1.978124075
36.85015709	13.44082292	13.51546974	33.55833242	0.896841656	50.92395239	40.61288141	2.062214197
36.86415709	13.62332292	15.20916974	33.16133242	0.902780789	52.06013503	41.05383374	2.201260257
36.87915709	12.72002292	13.19716974	28.38033242	0.87421408	49.26072015	39.18560863	2.015022304
36.98621614	14.00527661	15.69550943	28.87312158	0.889684914	52.86640646	41.53171741	2.266937809
37.00021614	13.29407661	17.55740943	30.24212158	0.901663263	55.19178299	42.84905919	2.46854476
36.8696628	10.71596147	14.66139248	28.52624126	0.878913134	49.29301997	39.17188055	2.024227884
36.95792948	11.55792351	17.16665461	26.45537448	0.882541335	51.45669091	40.52108103	2.187121975
36.95115709	11.77832292	13.64156974	24.18833242	0.858496062	48.01963469	38.08793832	1.986339274
36.98692948	13.27812351	15.64115461	34.20337448	0.90930095	52.58640802	41.27982146	2.261317312
37.07321614	14.26467661	14.64450943	31.11912158	0.894684253	52.29774634	41.06299748	2.246949772
36.99415709	13.92602292	12.80676974	32.03233242	0.889271144	50.67283852	40.4947511	2.035617483
37.00815709	11.95132292	15.94186974	24.46433242	0.869868276	50.19833446	39.91357372	2.056952148
37.11621614	9.858676605	12.87270943	27.13112158	0.864617865	45.14795903	35.4128442	1.947022965
37.13021614	13.31337661	15.75560943	25.02912158	0.874596513	51.79039278	40.79077278	2.199924001
37.05215709	13.30622292	14.37426974	27.20333242	0.876415044	50.42615901	39.88814361	2.10760308
37.15921614	10.53137661	13.27510943	28.45212158	0.872741808	47.13000325	37.23548962	1.978902726
37.08015709	10.77892292	14.59046974	25.53433242	0.866612298	48.33928486	38.41349996	1.985156979
37.18821614	12.94337661	17.02890943	32.50012158	0.908462596	54.22624787	42.38174179	2.368901217
37.20221614	12.65987661	11.96580943	24.51212158	0.855574539	47.29604763	37.39319815	1.980569895
37.12415709	12.05222292	13.20316974	30.49433242	0.882472382	49.0551546	39.02249362	2.006532195
37.23121614	11.80467661	17.80360943	25.85812158	0.884096037	53.11229468	41.46970782	2.328517373
37.17492948	10.98622351	17.30475461	30.28737448	0.898238072	51.78536428	40.79877015	2.197318825
37.18892948	11.12072351	17.43085461	27.32037448	0.887304105	51.63398058	40.59863036	2.207070044
37.27421614	12.87607661	16.56640943	27.17912158	0.886091049	52.69296385	41.4410357	2.25038563
37.1436628	9.889561473	15.09979248	28.11824126	0.879094211	49.0452534	38.98393612	2.012263455
37.30321614	14.12537661	17.01690943	31.16712158	0.905699938	56.14307118	44.10575877	2.407462484
37.31821614	13.02987661	12.18800943	25.44912158	0.8613007	48.34776812	38.31762557	2.006028509
37.23915709	13.85882292	14.10406974	34.91533242	0.9069631	52.00339288	41.2034911	2.159980354
37.25315709	14.19992292	13.27516974	31.72033242	0.891612566	51.32228736	40.83198962	2.098059548
37.55980123	9.998589364	16.14538373	24.56502351	0.869222146	49.13172215	39.1269747	2.000949491
37.2296628	9.851161473	14.43909248	32.27424126	0.89326973	49.10268284	38.997584	2.021019767
37.39021614	12.20347661	17.85170943	29.96612158	0.9016625	54.65070113	42.45953649	2.438232928
37.2586628	11.67696147	13.35209248	34.90524126	0.901800349	50.11688468	39.86308981	2.050758974
37.41821614	13.98117661	16.97480943	31.61212158	0.907477722	56.07767413	44.05341216	2.404852394
37.43321614	14.08207661	17.38920943	32.72912158	0.913781904	57.42252469	45.08564036	2.467376866
37.44721614	12.90017661	14.71050943	24.81312158	0.869897685	50.43870577	39.6722499	2.153291174
37.36915709	13.97412292	13.74366974	29.29333242	0.884335592	51.03141229	40.37055642	2.132171175
37.47621614	14.02927661	17.34120943	25.94212158	0.887619699	56.349904	44.53562076	2.362856646
37.49121614	12.25147661	17.13100943	25.19712158	0.880625288	52.70987259	41.42160567	2.257653385
37.50521614	14.25987661	17.62950943	27.15512158	0.893978853	57.66898209	45.55056258	2.423683902
37.51921614	11.88147661	17.37120943	29.82212158	0.899105028	53.2541315	41.57740237	2.335345826
37.53421614	10.28147661	12.74060943	26.68712158	0.864702399	46.09179823	36.28778182	1.960803283
37.54821614	12.64547661	15.14300943	27.05912158	0.880295953	50.92407882	40.03063032	2.1786897
37.56321614	11.50677661	15.44330943	29.88212158	0.890761923	50.69631589	40.108838	2.117495577
37.57721614	12.80887661	16.38020943	27.72012158	0.888544115	52.74355096	41.47931322	2.252847548
37.51992948	10.89012351	17.08855461	32.43737448	0.907237223	52.07043769	41.14511033	2.185065473
37.51315709	14.37772292	13.37126974	29.69033242	0.885612379	51.31265511	40.67787617	2.126955788
37.85998922	10.61456559	13.88577768	35.26820842	0.905038464	49.59348156	39.57101394	2.004493522
37.63521614	10.94937661	12.86670943	32.06812158	0.888047004	48.17920318	38.17622324	2.000595987
37.64921614	14.12057661	15.11900943	25.87012158	0.87883237	52.58222912	41.19718402	2.27700902
37.5186628	10.42286147	13.79049248	30.34024126	0.884762141	48.81473179	38.73326144	2.01629407
37.5326628	12.08536147	14.69139248	34.28024126	0.906698606	51.42419415	40.58406437	2.168025955
37.5466628	11.47996147	13.36409248	32.98324126	0.895129207	49.84314517	39.58456336	2.051716362
37.70721614	13.74097661	16.45830943	27.68412158	0.890982796	54.60437828	43.03931015	2.313013626
37.72121614	12.67427661	17.49730943	33.90612158	0.917809167	55.92152935	43.75881401	2.432543069
37.66492948	10.21262351	16.78225461	35.69337448	0.918828355	51.90312284	41.3159622	2.117432129
37.6046628	11.86916147	14.54119248	29.76424126	0.888203365	50.51985291	39.89689421	2.12459174
37.76421614	10.89167661	12.33220943	29.13712158	0.874584626	47.04898385	37.1802311	1.97375055
37.68615709	13.74832292	13.07096974	35.10733242	0.905073629	51.58565287	41.11318688	2.094493198
37.70015709	11.83112292	13.28716974	25.63033242	0.865864157	48.48798943	38.44064708	2.009468469
37.80821614	13.53437661	16.78860943	28.39212158	0.895153103	55.16494699	43.48579644	2.33583011
37.94661638	13.99168573	17.72388477	33.99066763	0.922937115	59.45185133	47.02802239	2.484765788
37.83621614	12.46767661	15.85770943	31.54012158	0.901704874	52.2793345	40.93773241	2.268320417
37.7056628	10.98986147	13.61629248	30.10024126	0.884693305	49.28261964	39.09410772	2.037702385
37.7196628	11.43666147	14.18689248	24.23824126	0.864950619	49.14669208	38.84749126	2.059840163
37.7346628	10.61986147	15.29799248	27.39724126	0.880679624	49.91110874	39.61627598	2.058966553
37.89421614	10.76197661	12.59640943	33.13712158	0.892022885	47.96099991	38.01288462	1.98962306
37.83792948	11.73092351	15.97745461	33.36237448	0.908750964	51.99105505	40.90877868	2.216455274
37.92321614	12.41967661	15.58740943	32.76512158	0.905673622	52.13338655	40.77730164	2.271216981
37.84415709	14.35852292	12.74066974	34.66333242	0.903561304	51.864711	41.37393354	2.098155493
37.95221614	14.30317661	16.81260943	25.31712158	0.885586142	56.59122489	45.00586794	2.31707139
37.8206628	10.95626147	13.71839248	30.37624126	0.886658144	49.46951565	39.24197881	2.045507369
37.98121614	12.39077661	16.51230943	27.67212158	0.889901402	52.81868601	41.57251363	2.249234475
37.99521614	14.04367661	15.08290943	30.66312158	0.898300831	53.35818913	41.66700369	2.338237089
38.00921614	13.83707661	15.73760943	31.60012158	0.9044019	54.29528581	42.50127063	2.358803036
38.02421614	11.45387661	17.23910943	25.01712158	0.881212827	52.25433612	41.13440158	2.223986908
37.96692948	12.51892351	15.02245461	30.60037448	0.895495684	51.3805764	40.24593332	2.226928617
38.05321614	11.92477661	16.51840943	26.33812158	0.884246122	52.04138596	41.05832753	2.196611686
38.06721614	13.17397661	13.58740943	27.98412158	0.880456828	50.541619	39.78942246	2.150439307
37.9366628	10.55746147	14.36709248	32.26224126	0.89685499	50.11425544	39.76445921	2.069959245
38.00315709	14.48342292	13.97786974	35.54033242	0.913107105	53.20525717	42.02686092	2.23567925
38.11021614	12.67907661	14.61440943	25.06512158	0.872863374	50.54084191	39.60439392	2.187289599
38.05392948	13.57602351	14.96245461	35.32037448	0.91580078	53.33671748	41.71471633	2.324400232
38.33780123	9.599789364	16.95018373	29.04502351	0.893126825	50.37376962	40.12398328	2.049957268
38.15421614	13.15477661	17.29910943	35.46712158	0.925700314	57.45149916	45.29603266	2.431093301
38.16821614	13.08267661	12.23610943	26.69912158	0.870019461	49.26629234	39.05642556	2.041973357
38.08915709	14.26242292	12.66256974	30.60333242	0.888356975	51.10216853	40.63183781	2.094066143
38.12592948	13.48952351	15.35885461	31.76537448	0.903724332	53.21465303	41.5078666	2.341357285
38.33561638	13.61688573	17.79598477	29.53466763	0.906963682	59.04078374	46.82299844	2.44355706
38.22621614	12.10737661	13.22110943	24.75312158	0.865188707	49.00207089	38.69112699	2.062188781
38.0946628	10.50456147	15.27999248	26.68924126	0.879161181	49.84495969	39.50883317	2.067225304
38.25521614	12.26587661	13.77360943	35.40712158	0.909678459	51.30795294	40.57571831	2.146446927
38.19792948	12.73032351	15.31075461	30.69637448	0.898413924	52.05017488	40.6070036	2.288634255
38.1376628	11.66736147	14.66739248	33.25924126	0.90450698	51.22913745	40.32713341	2.180400807
38.22692948	9.722523515	17.00445461	32.72637448	0.909494616	51.26105772	40.73859193	2.104493158
38.1666628	10.29796147	14.82349248	28.88724126	0.885919926	49.79069345	39.46353987	2.065430716
38.32721614	12.88567661	16.41630943	35.19112158	0.921208511	55.10342669	43.18015322	2.384654693
38.34121614	13.07307661	17.44330943	35.04712158	0.925321909	57.95153902	45.75106928	2.44009395
38.35521614	12.28027661	16.63850943	28.81312158	0.896270901	53.50376942	42.10644427	2.279465029
38.27715709	14.11822292	15.75566974	31.26333242	0.904535935	54.78965811	43.0214747	2.353636682
38.29115709	14.25282292	13.99596974	34.44633242	0.909764174	52.94632584	41.70332883	2.248599401
38.39921614	13.35177661	13.29910943	26.15812158	0.873961307	50.33618445	39.61454393	2.144328105
38.41321614	13.88027661	16.02590943	34.73512158	0.919626285	56.09867491	43.98334472	2.423066037
38.2816628	11.53276147	14.91359248	27.38524126	0.882797369	50.48043391	39.67935589	2.160215604
38.37092948	9.837823515	17.73715461	33.89137448	0.918037842	52.6852791	41.55588378	2.225879063
38.3106628	9.572461473	14.39109248	24.33424126	0.865563639	48.04345167	38.04309683	2.000070968
38.47121614	14.28867661	17.17900943	27.16712158	0.896311375	58.71749221	46.84313351	2.37487174
38.41392948	10.07812351	17.03445461	30.38337448	0.90144311	51.25370122	40.61730938	2.127278367
38.50021614	14.19747661	16.93280943	32.56112158	0.915924736	58.78517038	46.55323328	2.446387419
38.51421614	9.652076605	12.51230943	27.81612158	0.871437864	46.2142075	36.49314114	1.944213274
38.3826628	10.27876147	14.13879248	35.72224126	0.91136909	50.47297239	40.09211935	2.076170608
38.47192948	13.74412351	14.70415461	30.33537448	0.897328223	52.79730593	41.11335424	2.336790338
38.55721614	13.48627661	12.00180943	27.49112158	0.874451914	49.70966078	39.43396914	2.055138327
38.50092948	12.57662351	14.69815461	35.14037448	0.914402561	52.25741641	40.90367426	2.27074843
38.58621614	12.34757661	12.77660943	26.29012158	0.871193578	49.26780761	38.95399048	2.062763426
38.52892948	12.75432351	14.81225461	34.31137448	0.911971498	52.39876181	40.90767535	2.298217292
38.4696628	10.17786147	14.63729248	24.47824126	0.868814851	48.89826502	38.67777433	2.044098138
38.53615709	11.63892292	15.76766974	24.11633242	0.873706307	50.63967314	40.02643459	2.122647711
38.4986628	11.10996147	14.25299248	30.56824126	0.892788278	50.3360668	39.75266331	2.116680698
38.65821614	12.62147661	16.52440943	26.55512158	0.888924027	54.09022436	42.71209974	2.275624923
38.79761638	13.88118573	16.96118477	35.51666763	0.929121419	59.40595055	47.16811281	2.447567548
38.68721614	12.30437661	12.86070943	27.87612158	0.878056588	49.61373453	39.23891072	2.074964762
38.5556628	11.26856147	15.49019248	35.96224126	0.920056554	52.266156	40.97053955	2.259123292
38.5706628	10.22586147	12.87759248	32.04624126	0.891916706	48.55587822	38.58146885	1.994881873
38.63715709	14.44982292	12.84876974	32.16433242	0.897830846	51.94675188	41.18162271	2.153025836
38.74521614	12.97697661	16.36820943	34.99912158	0.922150484	55.80967737	43.75663095	2.410609283
38.6136628	11.36466147	13.99469248	25.29524126	0.871910112	49.48555923	39.01865513	2.09338082
38.70192948	12.77362351	15.46095461	35.21237448	0.919052304	53.52350874	41.66079942	2.372541864
38.78821614	10.35357661	12.92680943	26.44612158	0.869952476	47.72305732	37.78090075	1.988431314
38.80221614	12.54937661	17.10090943	29.94212158	0.904980707	55.97964861	44.24499998	2.346929727
38.6716628	9.803061473	14.85359248	30.72524126	0.894846874	49.98640663	39.60981767	2.075317791
39.07098922	9.989965587	13.69957768	35.02820842	0.907625589	49.63110071	39.6347056	1.999279022
38.7006628	10.12496147	12.77549248	31.49324126	0.889675426	48.3444047	38.41174887	1.986531167
38.78892948	10.28472351	17.50295461	25.69937448	0.886682859	51.72409452	40.76364081	2.192090741
38.7286628	11.08116147	14.76349248	33.13924126	0.906123612	51.15482532	40.22154359	2.186656346
38.81792948	11.05342351	16.58405461	35.40437448	0.922757555	53.25961709	42.02385942	2.247151534
38.83192948	10.93812351	17.68915461	24.93037448	0.885694972	53.22124412	41.9336887	2.257511084
38.84692948	12.37482351	14.17565461	30.48037448	0.894976775	51.04295736	39.99621929	2.209347615
38.93221614	12.19867661	15.63550943	26.92712158	0.886973884	52.11841386	40.75927356	2.271828061
38.94621614	13.04907661	15.88770943	32.78912158	0.912363363	54.78490063	42.77347952	2.402284221
38.88992948	10.25102351	16.63805461	35.76537448	0.923740755	52.5326404	41.63946803	2.178634475
38.8296628	12.09016147	11.92859248	33.99224126	0.899366796	50.0332402	39.8584967	2.034948701
38.89715709	11.46122292	16.56046974	25.10133242	0.882123458	51.74563033	41.05329277	2.138467512
38.8586628	11.43186147	12.60729248	36.02224126	0.909558439	50.38560596	40.11195725	2.054729743
38.8726628	10.19706147	15.33999248	25.82424126	0.878825674	49.85839931	39.42648924	2.086382014
39.03321614	13.97157661	16.26610943	35.82812158	0.927707408	58.23917764	45.86359677	2.475116173
39.17161638	13.12678573	17.60978477	29.35466763	0.908195651	59.32344926	47.35704818	2.393280215
38.96915709	13.41192292	16.07996974	27.56433242	0.893370529	54.88477416	43.30211041	2.31653275
39.07621614	11.72297661	13.03490943	27.28712158	0.877160464	49.34530848	39.03026042	2.063009612
38.99815709	9.952522924	12.35026974	24.08033242	0.858219298	46.03396579	36.44530754	1.91773165
39.03392948	13.25882351	13.93535461	31.50137448	0.900191429	51.9618393	40.64485195	2.26339747
38.9736628	11.40786147	14.52919248	31.91424126	0.901752163	51.12168731	40.07810574	2.208716313
38.9886628	9.923161473	15.21389248	35.83024126	0.918506443	51.31890366	40.58054687	2.147671359
39.0026628	10.79286147	15.64629248	33.98024126	0.914020652	51.97434873	40.79366802	2.236136142
39.09192948	12.42282351	14.10355461	35.44037448	0.915380996	52.10372	40.92332566	2.236078868
39.17721614	11.37697661	13.59940943	35.34712158	0.911403299	50.96736005	40.38707191	2.116057628
39.11992948	13.99402351	13.69515461	26.17937448	0.880376423	51.74549822	40.48698894	2.251701854
39.0606628	11.87876147	15.03969248	30.12424126	0.897926504	51.78489719	40.28931376	2.299116686
39.22021614	12.38117661	16.77060943	31.29912158	0.910392708	55.78261752	44.04173331	2.348176842
39.16392948	13.69612351	12.56605461	27.82537448	0.881464052	50.65533272	39.99325808	2.132414927
39.17792948	12.20182351	13.57505461	24.66637448	0.870953388	49.65781043	39.06933853	2.11769438
39.1186628	9.409061473	13.49019248	29.47524126	0.885388767	48.4635902	38.52271886	1.988174268
39.20692948	12.23062351	14.67415461	30.13137448	0.897002974	51.52093082	40.11139887	2.28190639
39.29221614	11.59317661	17.11900943	35.02312158	0.925781245	55.79610022	44.16797877	2.325624289
39.21415709	13.26782292	12.63856974	28.11633242	0.881690625	50.23961033	39.79526798	2.088868471
39.24992948	14.06122351	14.39785461	34.90037448	0.917612494	54.61134263	42.78244278	2.36577997
39.53480123	9.546989364	16.43358373	26.57102351	0.886054188	50.15262566	39.90512245	2.049500642
39.27892948	13.91712351	13.40685461	31.18837448	0.898885827	52.29927563	41.06900144	2.246054837
39.27115709	12.02332292	16.69866974	27.74433242	0.89556445	53.79974407	42.60516403	2.238916007
39.30792948	12.59582351	13.16665461	25.32637448	0.873023361	49.79743803	39.21494769	2.116498069
39.32192948	12.41802351	15.22665461	35.00837448	0.919371866	53.34739029	41.45499626	2.378478804
39.33692948	13.95552351	14.03145461	26.94837448	0.885591942	52.49976064	40.98461027	2.303030075
39.32915709	10.56272292	16.41036974	25.22133242	0.882286554	50.77295042	40.40498334	2.073593416
39.43621614	14.31277661	12.03190943	33.89412158	0.904489296	52.08387909	41.34455384	2.14786505
39.3056628	11.22046147	14.90159248	26.80924126	0.884327867	50.7203725	39.64957375	2.214159751
39.3196628	12.14776147	12.13879248	35.31324126	0.907654437	50.7668281	40.42368714	2.068628191
39.48021614	12.31397661	16.14000943	32.45212158	0.91324719	54.72302069	42.82660103	2.379283931
39.40115709	11.72542292	12.09196974	26.27833242	0.870352172	48.36139472	38.47235025	1.977808893
39.3636628	9.721361473	13.02169248	31.18124126	0.891718811	48.68197092	38.75547906	1.985298371
39.64761638	12.77128573	17.08128477	32.10466763	0.918119562	58.60987231	46.67078832	2.387816798
39.53721614	13.69777661	16.60240943	27.11912158	0.897123901	58.39236809	46.44770503	2.388932612
39.55221614	11.91517661	16.84870943	34.78312158	0.925227385	56.17325847	44.4341048	2.347830734
39.56621614	11.07427661	13.47930943	35.01112158	0.91079123	50.77972671	40.30299323	2.095346695
39.70561638	13.98208573	17.63988477	35.50466763	0.935956933	62.89092464	50.40678768	2.496827392
39.52392948	13.72972351	14.49395461	35.50137448	0.921016617	54.70766026	42.81837697	2.377856658
39.60921614	14.00047661	15.11290943	32.41612158	0.911990196	56.10342767	43.96374382	2.42793677
39.62421614	10.77637661	14.04390943	34.92712158	0.912706388	51.04502188	40.39277795	2.130448786
39.4926628	10.86976147	14.73939248	35.93824126	0.920228469	51.93944473	40.7646615	2.234956645
39.5076628	10.52856147	12.09679248	34.55624126	0.903028136	49.15970476	39.1980435	1.992332252
39.5216628	10.26436147	15.71239248	34.46024126	0.91774727	52.0710723	40.96754537	2.220705386
39.68221614	10.59377661	13.79160943	26.78312158	0.87911961	49.29299045	39.00826279	2.056945532
39.62492948	12.47572351	13.38885461	27.29637448	0.882711697	50.32581557	39.57433614	2.150295886
39.71021614	14.02447661	14.90270943	26.93912158	0.890568786	55.05018474	43.1335577	2.383325406
39.5796628	11.81146147	14.82949248	29.16324126	0.895368097	51.80842543	40.2622721	2.309230667
39.66792948	11.42342351	16.75225461	33.07437448	0.918209312	54.66722125	43.18742129	2.29595999
39.68292948	10.42882351	17.76125461	28.12537448	0.901388006	54.07485269	42.72788918	2.269392703
39.6226628	10.82646147	14.16889248	30.92924126	0.898223823	50.64107315	39.89142698	2.149929234
39.78221614	12.56377661	17.49130943	24.50012158	0.889771494	58.06179199	46.57530277	2.297297844
39.72592948	11.95192351	15.79125461	33.30237448	0.916040982	53.78556262	41.87045276	2.383021971
39.71815709	12.38372292	12.97486974	24.16433242	0.868402124	49.30628373	39.0074965	2.059757446
39.6806628	9.404261473	14.64939248	24.09424126	0.871260296	48.74068622	38.49359702	2.049417839
39.84021614	13.42867661	15.87570943	27.78012158	0.897343854	56.59092435	44.64556299	2.389072272
39.85521614	10.90617661	13.61750943	34.56712158	0.910594103	50.83819263	40.33418876	2.100800773
39.86921614	12.72717661	16.39820943	26.79512158	0.894646514	56.20153964	44.52248691	2.335810547
39.7376628	11.34056147	14.94969248	25.21124126	0.880341484	51.08196826	39.88077428	2.240238796
39.7526628	9.606061473	12.11479248	36.04624126	0.908955355	48.49579209	38.66784541	1.965589336
39.84092948	14.15732351	12.40385461	25.81937448	0.87681478	50.98283291	40.21768481	2.15302962
39.83415709	11.97052292	16.32026974	27.63633242	0.89583479	53.80330387	42.52892334	2.254876104
39.94121614	11.85747661	16.81870943	35.86412158	0.930986336	56.84557557	45.06084322	2.35694647
39.88392948	11.07752351	15.58705461	28.26937448	0.894597431	51.6911762	40.44192388	2.249850464
39.8246628	10.78326147	15.18989248	33.46324126	0.91347448	52.04716096	40.63156599	2.283118994
39.91292948	13.18202351	13.83325461	33.93937448	0.912907644	53.03597378	41.57467032	2.292260693
39.92792948	12.18262351	14.41585461	28.04137448	0.890738147	51.47576624	40.10274929	2.274603391
40.01321614	13.36617661	15.50930943	26.32612158	0.89083796	55.68591376	43.816022	2.373978354
39.95592948	13.97002351	14.21765461	33.75937448	0.91525555	54.90672888	43.05723335	2.369899106
39.94915709	13.96452292	12.73466974	29.23333242	0.890756773	51.47799054	40.63653293	2.168291522
39.98492948	12.52852351	14.09155461	23.95737448	0.874471133	50.93220412	39.81039517	2.224361789
39.99992948	14.15252351	14.34985461	35.15237448	0.92172642	55.87413827	43.93287513	2.388252628
39.99215709	13.59932292	12.79476974	28.45233242	0.887535891	51.03128829	40.27323103	2.151611452
40.02892948	11.97602351	16.15165461	28.96637448	0.901784696	54.40828493	42.7929953	2.323057925
40.02115709	13.81552292	16.22416974	33.65433242	0.92274078	58.94357447	46.65146041	2.458422812
40.12821614	11.11277661	13.82770943	35.54012158	0.916825889	51.49764515	40.73956087	2.151616856
40.07192948	9.943523515	17.58705461	31.90937448	0.916738992	54.01829982	42.77958062	2.247743841
40.08592948	11.38022351	13.02245461	33.78337448	0.90694591	50.64942021	40.2386089	2.082162261
40.10092948	11.36582351	14.24775461	27.94537448	0.88903077	50.60352372	39.6720106	2.186302625
40.11492948	10.22702351	16.92635461	29.11037448	0.903300135	52.6059836	41.68214807	2.184767106
40.12892948	10.69792351	17.85735461	30.39537448	0.913111638	56.11826686	44.67899246	2.287854881
40.0696628	9.543561473	14.49319248	26.67724126	0.882698227	49.39688236	38.98927627	2.081521218
40.22921614	10.45927661	13.07090943	28.33212158	0.884295809	49.12291557	39.06389668	2.011803778
40.17292948	12.81682351	14.95045461	33.49537448	0.916403079	54.46382295	42.40049123	2.412666344
40.18692948	11.40902351	14.71015461	31.00837448	0.903507295	51.70291291	40.29306035	2.281970512
40.18015709	13.56092292	13.01096974	31.84033242	0.902319892	51.99460935	41.0446048	2.190000909
40.19415709	14.41132292	15.80976974	30.98733242	0.912361768	59.22797186	47.01587607	2.442419158
40.20815709	11.87922292	12.32026974	30.56733242	0.891817583	49.83009622	39.7065538	2.024708483
40.24492948	13.71532351	12.45195461	26.44337448	0.88029094	50.89319704	40.12785837	2.153067734
40.25892948	13.01862351	13.51495461	31.48937448	0.903166825	52.21859697	40.99509491	2.244700411
40.34521614	12.50137661	17.46730943	25.38912158	0.895361895	59.03289364	47.42382342	2.321814044
40.35921614	10.02687661	13.67750943	28.04412158	0.885640693	49.30582957	39.1462569	2.031914533
40.61298922	13.80496559	17.68757768	25.65920842	0.900070372	62.14565264	50.36876922	2.355376684
40.2426628	10.49016147	14.80549248	34.85724126	0.918841111	52.04955175	40.78609393	2.252691565
40.2566628	9.985661473	14.88959248	30.22024126	0.899944616	50.83921441	39.91412984	2.185016914
40.2716628	10.94176147	15.34599248	35.85424126	0.925850968	53.36160827	41.654328	2.341456054
40.35992948	14.11892351	14.37385461	34.51637448	0.920817549	56.34737577	44.34504539	2.400466077
40.37492948	12.12012351	17.73115461	25.65137448	0.8972815	58.82905541	47.30124147	2.305562787
40.36715709	13.44562292	16.35026974	33.51033242	0.923598852	59.05556164	46.82090043	2.446932242
40.40292948	11.89912351	14.71615461	29.37437448	0.898752098	52.26190903	40.6459918	2.323183445
40.48921614	13.66887661	15.64750943	29.69012158	0.906897105	58.07670557	45.86212785	2.442915545
40.50321614	11.03587661	12.82470943	32.17612158	0.90055413	50.1397603	39.88134577	2.051682905
40.64261638	12.50218573	16.86508477	32.24866763	0.921567057	59.27877813	47.31137215	2.393481195
40.46092948	9.693723515	16.89635461	32.73837448	0.918489529	53.01050804	42.07461276	2.187179056
40.47492948	11.44742351	14.19965461	27.46537448	0.888659458	50.8133646	39.82285428	2.198102063
40.48992948	10.99102351	13.56905461	25.25437448	0.876621257	49.45160571	39.11610989	2.067099164
40.48215709	10.75012292	15.62956974	25.13733242	0.883843699	51.32829086	40.47606459	2.170445253
40.51892948	13.02342351	14.27175461	34.88837448	0.920818145	54.41402787	42.59056291	2.364692992
40.53292948	13.35012351	14.87835461	25.30237448	0.886806442	54.90245894	43.12585831	2.355320125
40.52515709	12.69122292	12.29016974	27.62433242	0.882845626	50.03169987	39.71996363	2.062347249
40.56192948	10.82282351	17.45495461	32.36537448	0.921290503	56.42149128	45.0533686	2.273624536
40.77161638	12.30998573	17.03928477	32.59766763	0.923930769	59.57453914	47.67052628	2.380802571
40.56915709	11.33622292	12.17006974	26.85533242	0.877238283	48.80426414	38.9091651	1.979019807
40.60492948	11.24082351	13.79125461	24.40137448	0.875152761	49.77784492	39.22882316	2.109804351
40.59815709	12.86902292	13.36526974	30.79533242	0.900380539	51.73947034	40.80898832	2.186096405
40.61215709	14.18552292	12.99286974	32.51333242	0.9077296	53.30413095	42.18762706	2.223300777
40.5736628	10.16346147	15.50819248	35.15724126	0.924019083	52.90402293	41.52925826	2.274952935
40.66292948	11.14952351	16.07955461	28.20937448	0.899865981	53.62080291	42.317286	2.260703383
40.65515709	11.28342292	18.00796974	24.87333242	0.894504485	57.35230457	46.19325245	2.231810425
40.69192948	13.83062351	14.28375461	32.61837448	0.913984146	55.78651032	43.84194339	2.388913385
40.70592948	11.25042351	16.46395461	35.02037448	0.928940181	55.81969756	44.21345963	2.321247586
40.79121614	10.12297661	14.62650943	33.38912158	0.913075205	51.42216867	40.40763635	2.202906466
40.73492948	11.18322351	17.25675461	35.47737448	0.93415735	57.71261045	46.1980963	2.30290283
40.94461638	13.01148573	17.15938477	34.06266763	0.932014292	61.89294499	49.58125923	2.462337152
40.74215709	13.00832292	17.83376974	28.95733242	0.912997046	61.68916441	49.77679825	2.382473231
40.97361638	14.11658573	16.51068477	34.08666763	0.931224864	62.67639006	50.02103907	2.531070198
40.77115709	11.09122292	16.29626974	26.01433242	0.891891774	53.38593416	42.45159767	2.186867298
40.80692948	9.804223515	17.21465461	35.94537448	0.934413861	55.0330637	43.88263664	2.230085412
41.01661638	13.35268573	17.02718477	35.13166763	0.936484134	62.49936617	50.03533268	2.492806699
40.83592948	12.63422351	14.46995461	34.55237448	0.92108963	54.50756988	42.641014	2.373311176
40.84992948	10.89972351	14.18765461	30.63637448	0.901886895	51.14042642	40.23736272	2.180612739
40.86492948	10.64022351	16.22365461	31.05637448	0.91187879	53.78399841	42.55572683	2.245654316
40.85715709	11.30262292	12.44036974	26.33833242	0.877513106	49.02611976	39.07447806	1.99032834
40.89292948	11.96642351	12.65615461	34.17937448	0.911192164	51.32893185	40.73456461	2.118873448
40.97921614	9.959576605	13.52740943	29.79812158	0.894538693	49.70526318	39.5518836	2.030675915
40.90015709	13.61372292	12.48836974	33.00533242	0.90777933	52.3165557	41.46308595	2.17069395
41.24798922	13.84816559	13.86777768	25.01020842	0.884260463	54.03667073	42.73101812	2.261130522
40.95092948	11.78382351	17.59905461	25.67537448	0.898667635	58.69417677	47.23589707	2.291655941
41.16061638	12.11778573	17.09928477	30.38766763	0.916839436	59.61090617	47.84290563	2.353600108
41.17561638	12.85298573	16.99118477	35.19166763	0.936491704	61.69501126	49.43851987	2.45129828
40.97215709	9.880422924	12.96886974	24.28433242	0.869886791	48.02349143	38.30179048	1.944340189
41.00892948	10.83722351	15.25675461	24.44937448	0.882568653	51.74378318	40.59000369	2.230755898
41.02292948	10.59222351	16.98645461	32.12537448	0.919978527	55.58778662	44.39217032	2.23912326
41.03792948	12.24502351	13.98945461	26.50437448	0.887763585	51.866562	40.69428669	2.234455063
41.03015709	14.43052292	12.88476974	28.41633242	0.893663133	53.09654986	42.05893884	2.207522205
41.33580123	11.87728936	13.48468373	34.41402351	0.915796696	52.24782672	41.33174677	2.183215989
41.27661638	14.17908573	16.49268477	31.86466763	0.923921672	62.92713661	50.30609218	2.524208886
41.29061638	11.73818573	16.58278477	29.76266763	0.912136122	57.54139667	46.00055638	2.308168058
41.30561638	12.91058573	16.24048477	32.39366763	0.922935051	59.82469731	47.62901532	2.439136398
41.10215709	11.74472292	13.47336974	24.59733242	0.876893369	50.0303964	39.60190444	2.085698391
41.11615709	10.34652292	16.51246974	25.54633242	0.891228521	52.95786639	42.27367541	2.136838196
41.15292948	12.28352351	17.46095461	26.54037448	0.903180858	60.02483253	48.30959883	2.34304674
41.36261638	12.02168573	17.08728477	28.70566763	0.910901924	59.44758447	47.77367057	2.33478278
41.16015709	13.16692292	13.34726974	30.17033242	0.90073156	52.53498541	41.50672286	2.205652512
41.39161638	12.90578573	17.21938477	28.12866763	0.910850346	61.59301554	49.52944095	2.412714918
41.21092948	11.04862351	16.71015461	30.86437448	0.915217121	56.12538809	44.8127138	2.262534859
41.29621614	12.78957661	15.25110943	32.86112158	0.919506346	57.13177165	44.92926624	2.440501083
41.1646628	10.13936147	12.03669248	32.19024126	0.899736544	49.3308495	39.39071018	1.988027865
41.25392948	10.87092351	17.35285461	33.15837448	0.927030656	57.74871501	46.40247461	2.269248081
41.24615709	11.48522292	13.23316974	24.21233242	0.874522356	49.59913599	39.36980015	2.045867168
41.47861638	12.65598573	16.70888477	31.60066763	0.922145322	60.58396344	48.49082686	2.418627315
41.27515709	9.837122924	17.13106974	25.77433242	0.894638097	53.41724061	42.71899441	2.139649241
41.38221614	12.61667661	15.56940943	26.31412158	0.895465488	56.74328107	44.82773756	2.383108701
41.30415709	11.34112292	12.49446974	31.21533242	0.898951944	50.16598054	40.03534169	2.026127769
41.33992948	9.626423515	17.44295461	31.30837448	0.918646698	55.15217836	44.13184692	2.204066287
41.33315709	12.96032292	13.49136974	31.13133242	0.905484545	52.90423169	41.82305816	2.216234706
41.36892948	13.96032351	14.01945461	30.72037448	0.908599663	56.30318968	44.50877128	2.35888368
41.38392948	11.66852351	17.86935461	33.96337448	0.934100226	61.30785911	49.5731452	2.346942782
41.3236628	12.43606147	16.10279248	27.79424126	0.903910004	58.4028947	46.45443058	2.389692825
41.41192948	10.10692351	17.88735461	33.53137448	0.930414718	57.84697615	46.61499892	2.246395447
41.49821614	12.04007661	15.98380943	27.73212158	0.902206575	56.79847845	45.02095849	2.35550399
41.51221614	13.70737661	14.69850943	28.09212158	0.901134002	57.51019958	45.5150264	2.399034637
41.43415709	10.45702292	17.18506974	27.94833242	0.905102632	55.35732489	44.43883427	2.183698123
41.66561638	11.35388573	16.57078477	32.72966763	0.924836979	57.87164704	46.41345001	2.291639406
41.75380123	12.35298936	13.38858373	34.96702351	0.920032035	53.2664392	42.19012079	2.215263682
41.47715709	12.22512292	16.36226974	27.45533242	0.902707674	57.48745557	45.91304097	2.314882921
41.51292948	10.91892351	16.07355461	33.85537448	0.925585476	55.66048244	44.11785644	2.308525199
41.59921614	13.88507661	14.47630943	32.16412158	0.916574341	58.12465495	46.00645269	2.423640452
41.52015709	13.23892292	12.14006974	25.41333242	0.878853222	50.68271929	40.25607965	2.085327927
41.62721614	10.34877661	12.83070943	30.49412158	0.897644447	49.85852469	39.76857342	2.017990254
41.76661638	13.71778573	17.17738477	31.52866763	0.926807168	63.80338597	51.23124611	2.514427973
41.56315709	10.88462292	13.50346974	26.73533242	0.885906184	49.94883011	39.73107028	2.043551967
41.57815709	11.51882292	17.97786974	26.96333242	0.906870593	59.8231947	48.52765276	2.259108388
41.61392948	11.45222351	13.97745461	33.44637448	0.916215891	52.73008979	41.61902432	2.222213092
41.62892948	9.760923515	15.66515461	29.56737448	0.905572406	52.53979272	41.53704169	2.200550205
41.71421614	12.43407661	14.88470943	32.89712158	0.919317449	56.34360837	44.33307265	2.402107144
41.63515709	13.30142292	12.38626974	33.73833242	0.91283277	52.67675014	41.89213561	2.156922905
41.74321614	12.03527661	15.66550943	34.00212158	0.926549657	57.47016492	45.41242503	2.411547977
41.66415709	13.04682292	13.31126974	29.67833242	0.900584975	52.82114631	41.85305234	2.193618793
41.67915709	10.46662292	12.36226974	24.74133242	0.873040987	48.44373077	38.66319248	1.956107656
41.69315709	11.91762292	16.11606974	24.06833242	0.888880225	56.17260607	44.81420702	2.271679809
41.70715709	10.33682292	16.99286974	27.58833242	0.903837442	55.24193925	44.38920436	2.170546978
41.74392948	14.39282351	14.28975461	25.33837448	0.891519588	57.64111679	45.85554291	2.357114775
42.02780123	11.28628936	14.11528373	31.66402351	0.90960522	52.49747821	41.40787256	2.217921129
41.84421614	9.666476605	12.15200943	32.65712158	0.903379385	49.1831182	39.27025653	1.982572335
41.78692948	9.746523515	16.90835461	31.33237448	0.918542263	55.16555638	44.23250233	2.186610809
41.80192948	10.11652351	16.89035461	34.15537448	0.930396351	56.38275809	45.27544455	2.221462708
41.7416628	12.99346147	17.18389248	24.86324126	0.899971038	62.06448724	50.01816616	2.409264216
42.09980123	9.724689364	15.93508373	24.33602351	0.886237389	52.44056749	41.63930992	2.160251514
41.84492948	9.929123515	15.95345461	33.05037448	0.921940238	54.21630684	43.02928661	2.237404046
41.93021614	12.88087661	15.04090943	32.99312158	0.921959463	58.16295162	45.99692225	2.433205874
41.85215709	12.68162292	13.09506974	28.98133242	0.897124944	52.02086215	41.28895687	2.146381055
41.8136628	13.31536147	15.10579248	29.84824126	0.911200249	59.37179	47.16064433	2.442229135
41.97321614	10.12777661	14.58440943	27.01112158	0.892373382	51.14240867	40.18905592	2.190670549
41.98821614	14.23107661	14.86070943	26.00212158	0.896809912	59.5804864	47.51032562	2.414032156
41.93092948	11.26492351	12.56005461	35.51337448	0.919522224	51.58396941	41.12426715	2.091940452
41.8716628	13.80066147	15.12979248	24.70724126	0.892747556	59.64769486	47.59550452	2.410438068
41.8856628	12.60906147	16.32499248	33.69224126	0.93054248	61.09563184	48.86059654	2.447007061
42.04621614	11.05027661	14.84870943	33.41312158	0.92063886	54.30981977	42.71144339	2.319675276
42.06021614	10.49777661	15.01080943	31.66012158	0.913614188	53.42750057	42.01031707	2.283436701
41.98115709	13.47442292	12.55446974	33.08933242	0.912737327	53.34294715	42.48771187	2.171047057
41.99615709	12.68642292	18.00196974	27.19133242	0.911607689	62.78801139	51.00859582	2.355883115
42.03192948	11.07272351	16.32575461	30.20337448	0.914482123	56.94598549	45.56660633	2.275875832
42.02515709	13.34952292	17.85776974	31.75633242	0.930004763	64.23502413	51.93984035	2.459036756
42.06092948	9.741723515	16.70415461	29.71137448	0.912326261	55.05767706	44.17025207	2.177484997
42.14621614	10.19497661	15.05290943	25.61812158	0.889684434	52.09784101	41.03514784	2.212538634
42.06815709	11.93202292	12.89076974	27.31133242	0.889394448	50.79720817	40.42594479	2.074252677
42.0296628	13.75266147	15.59229248	31.92624126	0.922983648	62.03076832	49.51685728	2.502782208
42.09715709	14.52662292	16.86076974	32.81333242	0.9321534	64.65659782	51.99673562	2.531972438
42.20421614	9.906776605	15.09490943	24.28412158	0.884394399	51.61704002	40.70831536	2.181744932
42.12515709	10.98552292	17.86376974	27.17933242	0.908698083	59.34933313	48.19350127	2.231166372
42.23321614	11.92957661	15.72560943	28.16412158	0.905718947	57.47770104	45.64202866	2.367134476
42.1016628	11.10516147	17.38809248	34.11224126	0.935442487	60.89058951	49.36971275	2.304175352
42.26221614	13.25567661	14.53640943	30.96312158	0.913900858	58.04242202	46.04105114	2.400274177
42.20492948	10.68832351	16.00145461	28.57037448	0.90679388	55.59021302	44.3325707	2.251528464
42.21992948	9.645623515	13.53295461	26.33537448	0.885959193	49.43632853	39.30149585	2.026966537
42.30521614	12.91937661	14.72260943	34.87912158	0.929687501	58.5317162	46.44815268	2.416712704
42.24792948	9.708123515	15.70715461	25.74737448	0.89305859	52.87356186	42.00146632	2.174419108
42.53280123	12.45868936	13.19038373	35.27902351	0.923868385	54.13552255	43.0960527	2.20789397
42.27692948	11.84142351	17.79125461	25.61537448	0.904959607	61.36175382	49.77225669	2.317899426
42.27015709	10.90382292	16.21216974	25.99033242	0.897494801	55.75442087	44.6876867	2.213346834
42.2316628	11.25416147	17.46019248	33.95624126	0.935884486	61.53945845	49.94719743	2.318452204
42.31992948	10.75072351	17.29875461	25.02637448	0.898897806	58.02971773	46.81798584	2.242346378
42.2606628	13.03186147	15.51419248	32.35824126	0.924116985	60.81554589	48.47010768	2.469087642
42.34892948	10.77962351	15.23865461	35.57337448	0.932310349	55.53837544	43.95138992	2.317397105
42.2896628	13.11356147	15.46619248	26.64124126	0.902036365	59.99484043	47.81932971	2.435102144
42.44921614	10.90137661	14.77060943	34.45812158	0.926000009	54.73632046	43.21063864	2.305136364
42.37115709	14.10862292	17.28116974	28.68133242	0.918406901	64.23616494	51.74541295	2.4981504
42.38515709	11.38912292	12.65056974	26.83133242	0.886949664	50.23875982	40.0888809	2.029975784
42.3466628	13.68536147	17.28599248	24.81524126	0.904027643	63.8600204	51.55214647	2.461574786
42.41415709	11.28822292	17.59346974	26.09833242	0.905014702	59.71179507	48.46544396	2.249270222
42.42815709	10.31762292	17.89986974	28.92133242	0.916026442	58.86820161	47.85475035	2.202690252
42.73480123	12.21358936	14.31348373	33.14102351	0.920655433	55.9206438	44.31337909	2.321452942
42.74880123	9.849689364	16.84808373	24.76902351	0.894757058	55.59394544	44.66393021	2.186003046
42.47115709	12.39332292	13.53346974	27.22733242	0.89427496	52.82841707	42.00229731	2.165223953
42.77780123	10.79618936	16.46368373	26.69102351	0.902331943	57.10788717	45.82823117	2.255931201
42.59321614	11.19437661	12.05590943	34.32612158	0.914898254	51.32211581	40.97037563	2.070348036
42.53692948	9.948323515	16.49395461	31.11637448	0.919376871	56.23927927	45.22777217	2.20230142
42.4766628	12.02286147	17.62229248	34.65324126	0.941481708	63.67235217	51.69705336	2.395059763
42.54315709	10.87022292	12.47036974	28.66933242	0.893296153	50.06106658	40.0253191	2.007149496
42.57992948	11.41862351	14.00145461	35.54937448	0.928761889	54.40840081	43.18517549	2.244645062
42.86380123	9.686289364	15.88708373	24.55302351	0.890074257	53.58375966	42.67925378	2.180901176
42.58715709	11.30742292	13.55146974	29.12533242	0.900538642	51.70587564	41.15845316	2.109484497
42.62292948	10.04922351	16.34385461	33.79537448	0.930021594	56.71594294	45.5634952	2.230489549
42.94898922	10.71066559	14.60647768	35.76120842	0.93171243	54.72393187	43.56499514	2.231787346
42.63015709	10.96152292	16.97486974	29.75033242	0.917195933	58.79949474	47.67294874	2.2253092
42.66592948	12.36522351	12.60205461	35.09237448	0.922651487	53.51005534	42.72576008	2.156859053
42.65915709	13.25822292	12.20016974	25.05333242	0.882545339	51.81407712	41.37019073	2.088777278
42.67315709	12.96512292	13.08896974	32.75333242	0.915806054	54.37582214	43.43605902	2.187952625
42.97980123	10.48868936	15.61078373	27.91602351	0.903930047	55.1632198	43.84074198	2.264495564
42.99380123	11.20458936	13.29248373	32.09602351	0.911792705	52.2609571	41.62996594	2.126198232
42.6636628	12.09496147	17.52619248	24.95924126	0.90400843	62.29926787	50.54752872	2.350347831
42.75292948	11.51472351	16.05555461	31.36837448	0.921674968	58.82560397	47.14471176	2.336178443
43.03680123	14.21238936	13.75498373	32.27602351	0.91941151	59.02629901	47.23155617	2.358948568
43.05180123	11.26228936	15.26248373	29.32102351	0.909489643	56.19508881	44.5455262	2.329912524
42.86721614	9.844276605	15.22710943	31.72012158	0.917299159	54.06661695	42.85451558	2.242420275
42.81092948	9.857023515	16.31375461	27.76537448	0.906253807	55.70413457	44.73979672	2.19286757
42.7506628	13.54596147	15.35809248	30.25624126	0.91821667	62.03270383	49.63378391	2.479783983
42.83892948	11.76942351	12.24775461	34.32337448	0.917962842	52.33923374	41.81944105	2.103958537
42.85392948	10.74592351	17.34085461	25.42237448	0.902893101	59.16477739	47.90867963	2.251219553
42.7936628	11.16286147	16.48719248	33.81224126	0.933432098	60.21376919	48.68758853	2.305236131
42.95421614	14.18297661	14.95080943	25.14912158	0.897885498	61.11780024	49.00013288	2.423533472
42.87515709	12.94592292	12.32626974	29.72633242	0.901549712	52.69118772	42.163033	2.105630944
42.88915709	11.73992292	12.14606974	30.37433242	0.901459232	51.21646225	40.9719655	2.048899349
42.92592948	12.00962351	12.34985461	35.18837448	0.92254751	53.02788669	42.40734672	2.124107994
42.93992948	10.71232351	17.67115461	23.99337448	0.899008922	59.61743283	48.38256316	2.246973934
42.8806628	13.63246147	16.24689248	27.22924126	0.911064696	63.17695475	50.72939947	2.489511056
42.94715709	14.03172292	13.26316974	30.61533242	0.911118269	56.75945133	45.49332133	2.253226
42.9096628	11.42706147	17.53819248	34.01624126	0.939570674	62.99684432	51.31653939	2.336060985
42.99792948	11.43782351	12.67415461	32.79837448	0.913912667	52.24847736	41.72951182	2.103793107
42.99015709	13.51762292	16.68656974	29.37733242	0.920172277	63.24996598	50.97481996	2.455029206
43.33798922	14.41036559	12.70257768	26.78820842	0.895847692	55.84153941	44.95790001	2.176727878
43.35198922	9.994765587	15.33317768	34.71620842	0.931368884	55.48452092	44.42241232	2.21242172
43.05592948	10.47212351	16.13965461	30.19137448	0.917115743	57.38139089	46.13131235	2.250015709
43.14121614	10.06527661	12.14600943	30.03812158	0.898906837	49.91857601	39.86007144	2.011700913
