"Status Code/Type"	"Row Name"	"Run #"	"Mapped Attributes and Options.Output Constraint Attributes.MeanMass - Lower Bound"	"Mapped Attributes and Options.Output Constraint Attributes.MeanMass - Upper Bound"	A	B	C	D	TargetMass	MeanLoad	MeanMass	"Optimization1 Results.Constraint Values at Optimum.MeanMass (Lower Bound Constraint)"	"Optimization1 Results.Constraint Values at Optimum.MeanMass (Upper Bound Constraint)"	"Optimization1 Results.Optimal Design.A"	"Optimization1 Results.Optimal Design.B"	"Optimization1 Results.Optimal Design.C"	"Optimization1 Results.Optimal Design.D"	"Optimization1 Results.Optimal Design.MeanLoad"	"Optimization1 Results.Optimal Design.MeanMass"	"Optimization1 Results.Optimal Design.Objective and Penalty"	"Optimization1 Results.Optimal Design.Objective Function"	"Optimization1 Results.Optimal Design.Penalty Function"	"Optimization1 Results.Optimal Design.ReliableLoad"	"Optimization1 Results.Optimal Design.Run #"	"Optimization1 Results.Optimal Design.SDLoad"	ReliableLoad	SDLoad
OK	Task[1].Loop[1]/Subflow[1]	1	0.8165	0.8174999999999999	36	12	15	30	0.817	37.356941554195984	0.8165000055980087	-0.0000000063361729	-0.0011318555766736	28.8	9.6	12	24.894445988700372	37.356941554195984	0.8165000055980087	0.7561339295311453	0.7561339295311453	0	32.29358613363359	66	1.687798083867924	32.29358613363359	1.687798083867924
OK	Task[1].Loop[1]/Subflow[2]	2	0.8175	0.8184999999999999	36	12	15	30	0.818	37.40200819451351	0.8175000025110153	-0.0000000028421226	-0.0011318590707239	28.8	9.6	12	25.14742942195343	37.40200819451351	0.8175000025110153	0.7570294970947135	0.7570294970947135	0	32.34156750982629	76	1.686826497809756	32.34156750982629	1.686826497809756
OK	Task[1].Loop[1]/Subflow[3]	3	0.8185	0.8194999999999999	36	12	15	30	0.819	37.44570280644506	0.8185000037772425	-0.0000000042753169	-0.0011318576375296	28.8	9.6	12	25.399632443602467	37.44570280644506	0.8185000037772425	0.7578983332299316	0.7578983332299316	0	32.387798359086126	76	1.6859810789008294	32.387798359086126	1.6859810789008294
OK	Task[1].Loop[1]/Subflow[4]	4	0.8195	0.8204999999999999	36	12	15	30	0.82	37.48815480817427	0.8195000030282451	-0.0000000034275553	-0.0011318584852912	28.8	9.6	12	25.651129896984557	37.48815480817427	0.8195000030282451	0.7587429311270055	0.7587429311270055	0	32.43245915990852	81	1.6852448069055903	32.43245915990852	1.6852448069055903
OK	Task[1].Loop[1]/Subflow[5]	5	0.8205	0.8214999999999999	36	12	15	30	0.821	37.529486656387625	0.820500003889514	-0.0000000044023928	-0.0011318575104537	28.8	9.6	12	25.901993904432334	37.529486656387625	0.820500003889514	0.7595656509117746	0.7595656509117746	0	32.47572011466786	81	1.684601766473523	32.47572011466786	1.684601766473523
OK	Task[1].Loop[1]/Subflow[6]	6	0.8215	0.8224999999999999	36	12	15	30	0.822	37.569813723140356	0.8215000040873142	-0.0000000046262752	-0.0011318572865713	28.8	9.6	12	26.152290215064337	37.569813723140356	0.8215000040873142	0.7603687168438176	0.7603687168438176	0	32.517741211261054	81	1.684037085543117	32.517741211261054	1.684037085543117
OK	Task[1].Loop[1]/Subflow[7]	7	0.8225	0.8234999999999999	36	12	15	30	0.823	37.6092451602717	0.8225000041716908	-0.0000000047217779	-0.0011318571910686	28.8	9.6	12	26.402080704744996	37.6092451602717	0.8225000041716908	0.7611542342050275	0.7611542342050275	0	32.5586733004431	81	1.6835368643690916	32.5586733004431	1.6835368643690916
OK	Task[1].Loop[1]/Subflow[8]	8	0.8235	0.8244999999999999	36	12	15	30	0.824	37.64788419182681	0.8235000041624819	-0.0000000047113547	-0.0011318572014918	28.8	9.6	12	26.651422799705195	37.64788419182681	0.8235000041624819	0.7619241948495561	0.7619241948495561	0	32.59865854893452	81	1.6830881219603326	32.59865854893452	1.6830881219603326
OK	Task[1].Loop[1]/Subflow[9]	9	0.8245	0.8254999999999999	36	12	15	30	0.825	37.68582851633529	0.8245000040989744	-0.000000004639473	-0.0011318572733735	28.8	9.6	12	26.90036984558794	37.68582851633529	0.8245000040989744	0.7626804849771871	0.7626804849771871	0	32.63783098757768	81	1.682678747453187	32.63783098757768	1.682678747453187
OK	Task[1].Loop[1]/Subflow[10]	10	0.8255	0.8264999999999999	36	12	15	30	0.826	37.72317063859767	0.8255000040581789	-0.0000000045932981	-0.0011318573195484	28.8	9.6	12	27.14897131165187	37.72317063859767	0.8255000040581789	0.7634248915371276	0.7634248915371276	0	32.676316967478854	81	1.682297458659085	32.676316967478854	1.682297458659085
OK	Task[1].Loop[1]/Subflow[11]	11	0.8265	0.8274999999999999	36	12	15	30	0.827	37.75999815064561	0.8265000039570425	-0.0000000044788257	-0.0011318574340208	28.8	9.6	12	27.3972729135646	37.75999815064561	0.8265000039570425	0.7641591076495421	0.7641591076495421	0	32.71423554695953	81	1.6819337667340415	32.71423554695953	1.6819337667340415
OK	Task[1].Loop[1]/Subflow[12]	12	0.8275	0.8284999999999999	36	12	15	30	0.828	37.79639394884756	0.8275000026353507	-0.0000000029828531	-0.0011318589299934	28.8	9.6	12	27.645316533497976	37.79639394884756	0.8275000026353507	0.7648847367817085	0.7648847367817085	0	32.75169879774203	86	1.681577946486203	32.75169879774203	1.681577946486203
OK	Task[1].Loop[1]/Subflow[13]	13	0.8285	0.8294999999999999	36	12	15	30	0.829	37.832436632077524	0.8285000028976336	-0.0000000032797211	-0.0011318586331254	28.8	9.6	12	27.893141595503845	37.832436632077524	0.8285000028976336	0.7656033005588241	0.7656033005588241	0	32.78881228405235	86	1.6812210093956583	32.78881228405235	1.6812210093956583
OK	Task[1].Loop[1]/Subflow[14]	14	0.8295	0.8304999999999999	36	12	15	30	0.83	37.86820036599331	0.8295000026840071	-0.0000000030379254	-0.0011318588749211	28.8	9.6	12	28.140782981838203	37.86820036599331	0.8295000026840071	0.7663162359525929	0.7663162359525929	0	32.825674980212156	86	1.6808546858443867	32.825674980212156	1.6808546858443867
OK	Task[1].Loop[1]/Subflow[15]	15	0.8305	0.8314999999999999	36	12	15	30	0.831	37.90375530391442	0.8305000023388598	-0.0000000026472663	-0.0011318592655802	28.8	9.6	12	28.388272924016146	37.90375530391442	0.8305000023388598	0.767024903586625	0.767024903586625	0	32.86237975040345	86	1.6804714054870393	32.86237975040345	1.6804714054870393
OK	Task[1].Loop[1]/Subflow[16]	16	0.8315	0.8324999999999999	36	12	15	30	0.832	37.93916762191255	0.8315000019565845	-0.0000000022145834	-0.0011318596982631	28.8	9.6	12	28.635640417388714	37.93916762191255	0.8315000019565845	0.7677305883678964	0.7677305883678964	0	32.899013421791025	86	1.6800642845732199	32.899013421791025	1.6800642845732199
OK	Task[1].Loop[1]/Subflow[17]	17	0.8325	0.8334999999999999	36	12	15	30	0.833	37.97449963461111	0.8325000015684996	-0.0000000017753249	-0.0011318601375216	28.8	9.6	12	28.882911326815506	37.97449963461111	0.8325000015684996	0.7684345017430347	0.7684345017430347	0	32.93565693218831	86	1.6796271153253812	32.93565693218831	1.6796271153253812
OK	Task[1].Loop[1]/Subflow[18]	18	0.8335	0.8344999999999999	36	12	15	30	0.834	38.00980988532743	0.8335000011918918	-0.0000000013490569	-0.0011318605637896	28.8	9.6	12	29.130108446021254	38.00980988532743	0.8335000011918918	0.7691377834569706	0.7691377834569706	0	32.97238544376365	86	1.6791543580838244	32.97238544376365	1.6791543580838244
OK	Task[1].Loop[1]/Subflow[19]	19	0.8345	0.8354999999999999	36	12	15	30	0.835	38.045153216072265	0.8345000008362677	-0.0000000009465396	-0.0011318609663069	28.8	9.6	12	29.377251535789203	38.045153216072265	0.8345000008362677	0.7698415029222255	0.7698415029222255	0	33.00926842937911	86	1.678641135861139	33.00926842937911	1.678641135861139
OK	Task[1].Loop[1]/Subflow[20]	20	0.8355	0.8364999999999999	36	12	15	30	0.836	38.08058082148161	0.8355000005285291	-0.000000000598222	-0.0011318613146245	28.8	9.6	12	29.62435735769739	38.08058082148161	0.8355000005285291	0.7705466602784679	0.7705466602784679	0	33.046369736620655	86	1.6780832309746838	33.046369736620655	1.6780832309746838
OK	Task[1].Loop[1]/Subflow[21]	21	0.8365	0.8374999999999999	36	12	15	30	0.837	38.11614028564897	0.8365000002794821	-0.0000000003163351	-0.0011318615965114	28.8	9.6	12	29.871439685590317	38.11614028564897	0.8365000002794821	0.771254187120323	0.771254187120323	0	33.08374762925581	86	1.6774770835061945	33.08374762925581	1.6774770835061945
OK	Task[1].Loop[1]/Subflow[22]	22	0.8375	0.8384999999999999	36	12	15	30	0.838	38.15187560725326	0.8375000000976867	-0.0000000001105678	-0.0011318618022787	28.8	9.6	12	30.118509322299147	38.15187560725326	0.8375000000976867	0.7719649469994302	0.7719649469994302	0	33.12145481251006	86	1.6768197912510816	33.12145481251006	1.6768197912510816
OK	Task[1].Loop[1]/Subflow[23]	23	0.8385	0.8394999999999999	36	12	15	30	0.839	38.18782721231369	0.8384999999876955	0.000000000013927	-0.0011318619267735	28.8	9.6	12	30.365574107331614	38.18782721231369	0.8384999999876955	0.7726797356860106	0.7726797356860106	0	33.15953844225018	86	1.6761091109101347	33.15953844225018	1.6761091109101347
OK	Task[1].Loop[1]/Subflow[24]	24	0.8395	0.8404999999999999	36	12	15	30	0.84	38.22403195672388	0.8394999999498933	0.0000000000567139	-0.0011318619695604	28.8	9.6	12	30.6126389210426	38.22403195672388	0.8394999999498933	0.7733992812314062	0.7733992812314062	0	33.19804012106383	86	1.6753434602394979	33.19804012106383	1.6753434602394979
OK	Task[1].Loop[1]/Subflow[25]	25	0.8405	0.8414999999999999	36	12	15	30	0.841	38.26052311998033	0.8404999999797149	0.0000000000229599	-0.0011318619358064	28.8	9.6	12	30.859705685987784	38.26052311998033	0.8404999999797149	0.7741242438583512	0.7741242438583512	0	33.23699588349572	86	1.6745219208828912	33.23699588349572	1.6745219208828912
OK	Task[1].Loop[1]/Subflow[26]	26	0.8415	0.8424999999999999	36	12	15	30	0.842	38.297330391634375	0.8415000000669652	-0.0000000000757954	-0.0011318618370511	28.8	9.6	12	31.106773366875338	38.297330391634375	0.8415000000669652	0.774855215708041	0.774855215708041	0	33.27643617277316	86	1.673644241613478	33.27643617277316	1.673644241613478
OK	Task[1].Loop[1]/Subflow[27]	27	0.8425	0.8434999999999999	36	12	15	30	0.843	38.334479879473854	0.8425000009322071	-0.0000000010551297	-0.0011318608577168	28.8	9.6	12	31.35383815243394	38.334479879473854	0.8425000009322071	0.7755927210183889	0.7755927210183889	0	33.31638584100438	86	1.6727108409937328	33.31638584100438	1.6727108409937328
OK	Task[1].Loop[1]/Subflow[28]	28	0.8435	0.8444999999999999	36	12	15	30	0.844	38.372007237961405	0.8435003528218616	-0.0000003993456272	-0.0011314625672193	28.8	9.6	12	31.600979624942088	38.372007237961405	0.8435003528218616	0.776337476638132	0.776337476638132	0	33.35687833044619	86	1.6717224564323576	33.35687833044619	1.6717224564323576
OK	Task[1].Loop[1]/Subflow[29]	29	0.8445	0.8454999999999999	36	12	15	30	0.845	38.409891596604595	0.8445000038232444	-0.0000000043273847	-0.0011318575854618	28.8	9.6	12	31.84792801594577	38.409891596604595	0.8445000038232444	0.7770890810145737	0.7770890810145737	0	33.39788425996762	86	1.6706819248297284	33.39788425996762	1.6706819248297284
OK	Task[1].Loop[1]/Subflow[30]	30	0.8455	0.8464999999999999	36	12	15	30	0.846	38.44818749710571	0.8455000000816375	-0.0000000000924023	-0.0011318618204442	28.8	9.6	12	32.09492892967592	38.44818749710571	0.8455000000816375	0.7778486321628659	0.7778486321628659	0	33.43945401062638	86	1.669590633078836	33.43945401062638	1.669590633078836
OK	Task[1].Loop[1]/Subflow[31]	31	0.8465	0.8474999999999999	36	12	15	30	0.847	38.4868934545528	0.8465000000167611	-0.0000000000189712	-0.0011318618938753	28.8	9.6	12	32.341882203188014	38.4868934545528	0.8465000000167611	0.7786161195889617	0.7786161195889617	0	33.48157567654751	86	1.6684520548603121	33.48157567654751	1.6684520548603121
OK	Task[1].Loop[1]/Subflow[32]	32	0.8475	0.8484999999999999	36	12	15	30	0.848	38.52601884142053	0.8475000472862197	-0.0000000535214711	-0.0011318083913754	28.8	9.6	12	32.58877991963091	38.52601884142053	0.8475000472862197	0.7793917513994364	0.7793917513994364	0	33.524247368308195	71	1.6672699441693144	33.524247368308195	1.6672699441693144
OK	Task[1].Loop[1]/Subflow[33]	33	0.8485	0.8494999999999999	36	12	15	30	0.849	38.56556278444157	0.8485000205599316	-0.0000000232710034	-0.0011318386418431	28.8	9.6	12	32.83557054243465	38.56556278444157	0.8485000205599316	0.7801755357143765	0.7801755357143765	0	33.5674543236686	71	1.6660489306984463	33.5674543236686	1.6660489306984463
OK	Task[1].Loop[1]/Subflow[34]	34	0.8495	0.8504999999999999	36	12	15	30	0.85	38.60552852003848	0.8494999998935778	0.0000000001204552	-0.0011318620333017	28.8	9.6	12	33.08224939553904	38.60552852003848	0.8494999998935778	0.7809675652136694	0.7809675652136694	0	33.61118458563405	71	1.6647940789596873	33.61118458563405	1.6647940789596873
OK	Task[1].Loop[1]/Subflow[35]	35	0.8505	0.8514999999999999	36	12	15	30	0.851	38.645913078304105	0.8505000024119695	-0.0000000027300164	-0.0011318591828301	28.8	9.6	12	33.328793438505585	38.645913078304105	0.8505000024119695	0.781767812588703	0.781767812588703	0	33.655417773574825	71	1.6635111925714092	33.655417773574825	1.6635111925714092
OK	Task[1].Loop[1]/Subflow[36]	36	0.8515	0.8524999999999999	36	12	15	30	0.852	38.6867217434806	0.8515003382924722	-0.0000003829003646	-0.0011314790124819	28.8	9.6	12	33.575249025126986	38.6867217434806	0.8515003382924722	0.7825764170565189	0.7825764170565189	0	33.70014093809377	71	1.6622063494598258	33.70014093809377	1.6622063494598258
OK	Task[1].Loop[1]/Subflow[37]	37	0.8525	0.8534999999999999	36	12	15	30	0.853	38.72792573000259	0.8525005741449876	-0.0000006498528439	-0.0011312120600026	28.8	9.6	12	33.821476571148075	38.72792573000259	0.8525005741449876	0.7833928456957926	0.7833928456957926	0	33.74530219609761	71	1.6608872488611208	33.74530219609761	1.6608872488611208
OK	Task[1].Loop[1]/Subflow[38]	38	0.8535	0.8544999999999999	36	12	15	30	0.854	38.76948023771967	0.8534999995505835	0.0000000005086774	-0.0011318624215239	28.8	9.6	12	34.06726614687305	38.76948023771967	0.8534999995505835	0.7842162510909217	0.7842162510909217	0	33.790830578545126	76	1.6595626138049013	33.790830578545126	1.6595626138049013
OK	Task[1].Loop[1]/Subflow[39]	39	0.8545	0.8554999999999999	36	12	15	30	0.855	38.811423951380995	0.8544999984564375	0.0000000017470996	-0.0011318636599461	28.8	9.6	12	34.31292032157287	38.811423951380995	0.8544999984564375	0.7850474428181106	0.7850474428181106	0	33.836745101030616	76	1.6582390007271712	33.836745101030616	1.6582390007271712
OK	Task[1].Loop[1]/Subflow[40]	40	0.8555	0.8564999999999999	36	12	15	30	0.856	38.85372054848587	0.8555002287711416	-0.0000002589373419	-0.0011316029755046	28.8	9.6	12	34.558314395772626	38.85372054848587	0.8555002287711416	0.7858857469485105	0.7858857469485105	0	33.88298109548846	76	1.6569258582219746	33.88298109548846	1.6569258582219746
OK	Task[1].Loop[1]/Subflow[41]	41	0.8565	0.8574999999999999	36	12	15	30	0.857	38.89631469275712	0.8565000000858941	-0.0000000000972202	-0.0011318618156263	28.8	9.6	12	34.80323646581803	38.89631469275712	0.8565000000858941	0.7867301150831284	0.7867301150831284	0	33.92945181876014	81	1.6556336553296926	33.92945181876014	1.6556336553296926
OK	Task[1].Loop[1]/Subflow[42]	42	0.8575	0.8584999999999999	36	12	15	30	0.858	38.939205890719904	0.8574999974824299	0.0000000028495418	-0.0011318647623883	28.8	9.6	12	35.047809665132334	38.939205890719904	0.8574999974824299	0.7875805883253939	0.7875805883253939	0	33.976129100911734	82	1.6543716176083265	33.976129100911734	1.6543716176083265
OK	Task[1].Loop[1]/Subflow[43]	43	0.8585	0.8594999999999999	36	12	15	30	0.859	38.98235166501957	0.8584999981756278	0.0000000020649374	-0.0011318639777839	28.8	9.6	12	35.29193249729198	38.98235166501957	0.8584999981756278	0.7884363778960494	0.7884363778960494	0	34.02293767047574	82	1.6531506765123964	34.02293767047574	1.6531506765123964
OK	Task[1].Loop[1]/Subflow[44]	44	0.8595	0.8604999999999999	36	12	15	30	0.86	39.025715539029335	0.8594999994799358	0.0000000005886409	-0.0011318625014874	28.8	9.6	12	35.535555541256684	39.025715539029335	0.8594999994799358	0.7892968160886028	0.7892968160886028	0	34.069807653353735	82	1.6519819646177805	34.069807653353735	1.6519819646177805
OK	Task[1].Loop[1]/Subflow[45]	45	0.8605	0.8614999999999999	36	12	15	30	0.861	39.06925800123961	0.860500002800878	-0.0000000031702071	-0.0011318587426394	28.8	9.6	12	35.77862865504705	39.06925800123961	0.860500002800878	0.7901611769973992	0.7901611769973992	0	34.11666479839492	82	1.6508770618943807	34.11666479839492	1.6508770618943807
OK	Task[1].Loop[1]/Subflow[46]	46	0.8615	0.8624999999999999	36	12	15	30	0.862	39.11403550965619	0.861500010370693	-0.0000000117381924	-0.0011318501746541	28.8	9.6	12.022420846027371	36	39.11403550965619	0.861500010370693	0.7910455136671751	0.7910455136671751	0	34.167316886596254	82	1.6489188536410566	34.167316886596254	1.6489188536410566
OK	Task[1].Loop[1]/Subflow[47]	47	0.8625	0.8634999999999999	36	12	15	30	0.863	39.18149376805468	0.8625000123580717	-0.0000000139876306	-0.0011318479252159	28.8	9.6	12.275539218869264	36	39.18149376805468	0.8625000123580717	0.7923575472805314	0.7923575472805314	0	34.25461486502586	87	1.6423055628981587	34.25461486502586	1.6423055628981587
OK	Task[1].Loop[1]/Subflow[48]	48	0.8635	0.8644999999999999	36	12	15	30	0.864	39.26679868626039	0.8635000541252389	-0.0000000612622964	-0.0011318006505501	28.8	9.6	12.522327565725288	36	39.26679868626039	0.8635000541252389	0.7940675118964907	0.7940675118964907	0	34.33741179352181	87	1.643141565869179	34.33741179352181	1.643141565869179
OK	Task[1].Loop[1]/Subflow[49]	49	0.8645	0.8654999999999999	36	12	15	30	0.865	39.366968133546706	0.864500127740123	-0.0000001445841799	-0.0011317173286666	28.8	9.6	12.764427439026914	36	39.366968133546706	0.864500127740123	0.7961040935511348	0.7961040935511348	0	34.4190774875879	87	1.6493095309033166	34.4190774875879	1.6493095309033166
OK	Task[1].Loop[1]/Subflow[50]	50	0.8655	0.8664999999999999	36	12	15	30	0.866	39.479718226799946	0.86550000005851	-0.0000000000662252	-0.0011318618466213	28.8	9.6	13.003053365286782	36	39.479718226799946	0.86550000005851	0.7984125631785473	0.7984125631785473	0	34.50225400847681	92	1.659167463952663	34.50225400847681	1.659167463952663
OK	Task[1].Loop[1]/Subflow[51]	51	0.8665	0.8674999999999999	36	12	15	30	0.867	39.60333473477479	0.8665000000501645	-0.0000000000567792	-0.0011318618560673	28.8	9.6	13.239292440620186	36	39.60333473477479	0.8665000000501645	0.8009514616608084	0.8009514616608084	0	34.589131159083294	92	1.6714140103220245	34.589131159083294	1.6714140103220245
OK	Task[1].Loop[1]/Subflow[52]	52	0.8675	0.8684999999999999	36	12	15	30	0.868	39.73636380796546	0.8674995714217765	0.0000004850913679	-0.0011323470042145	28.8	9.6	13.473830067042291	36	39.73636380796546	0.8674995714217765	0.8036858419250678	0.8036858419250678	0	34.68144956869257	87	1.68498433558117	34.68144956869257	1.68498433558117
OK	Task[1].Loop[1]/Subflow[53]	53	0.8685	0.8694999999999999	36	12	15	30	0.869	39.877878973948114	0.8685000000811391	-0.0000000000918383	-0.0011318618210083	28.8	9.6	13.707636109498909	36	39.877878973948114	0.8685000000811391	0.8065924900303997	0.8065924900303997	0	34.7808309300019	92	1.6990290448413035	34.7808309300019	1.6990290448413035
OK	Task[1].Loop[1]/Subflow[54]	54	0.8695	0.8704999999999999	36	12	15	30	0.87	40.02681722212131	0.8694999998142932	0.0000000002101946	-0.0011318621230411	28.8	9.6	13.940959105168432	36	40.02681722212131	0.8694999998142932	0.8096461222648343	0.8096461222648343	0	34.888402125747135	86	1.7128181680585968	34.888402125747135	1.7128181680585968
OK	Task[1].Loop[1]/Subflow[55]	55	0.8705	0.8714999999999999	36	12	15	30	0.871	40.182525806800186	0.8704999970475343	0.0000000033417835	-0.00113186525463	28.8	9.6	14.174346632509172	36	40.182525806800186	0.8704999970475343	0.8128305293915805	0.8128305293915805	0	35.00522636659052	86	1.725779715397131	35.00522636659052	1.725779715397131
OK	Task[1].Loop[1]/Subflow[56]	56	0.8715	0.8724999999999999	36	12	15	30	0.872	40.344438445321714	0.8714999879486691	0.0000000136404425	-0.001131875553289	28.8	9.6	14.408153494332614	36	40.344438445321714	0.8714999879486691	0.8161318767927668	0.8161318767927668	0	35.132102475781764	86	1.7374586480622511	35.132102475781764	1.7374586480622511
OK	Task[1].Loop[1]/Subflow[57]	57	0.8725	0.8734999999999999	36	12	15	30	0.873	40.512119370804314	0.8725000004752936	-0.0000000005379667	-0.0011318613748798	28.8	9.6	14.642654038955666	36	40.512119370804314	0.8725000004752936	0.8195395991722095	0.8195395991722095	0	35.26960132015252	91	1.7475194189097394	35.26960132015252	1.7475194189097394
OK	Task[1].Loop[1]/Subflow[58]	58	0.8735	0.8744999999999999	36	12	15	30	0.874	40.68523342216673	0.8735000019984613	-0.0000000022619822	-0.0011318596508643	28.8	9.6	14.878020455444416	36	40.68523342216673	0.8735000019984613	0.8230458073839426	0.8230458073839426	0	35.41803331305003	91	1.7557468348131167	35.41803331305003	1.7557468348131167
OK	Task[1].Loop[1]/Subflow[59]	59	0.8745	0.8755	36	12	15	30	0.875	40.8635522455274	0.8745000007595783	-0.0000000008597377	-0.0011318610531088	28.8	9.6	15.11434339100258	36	40.8635522455274	0.8745000007595783	0.8266454512006693	0.8266454512006693	0	35.57743354956331	91	1.7620530787753168	35.57743354956331	1.7620530787753168
OK	Task[1].Loop[1]/Subflow[60]	60	0.8755000000000001	0.8765	36	12	15	30	0.876	41.04693802503172	0.8754999963878375	0.0000000040884692	-0.0011318660013157	28.8	9.6	15.351615285028927	36	41.04693802503172	0.8754999963878375	0.8303360378427899	0.8303360378427899	0	35.74752177034351	91	1.7664856323256046	35.74752177034351	1.7664856323256046
OK	Task[1].Loop[1]/Subflow[61]	61	0.8765000000000001	0.8775	36	12	15	30	0.877	41.23481444605841	0.8764999871539407	0.0000000145399653	-0.0011318764528118	28.83543191737665	9.6	15.553501982957384	36	41.23481444605841	0.8764999871539407	0.8341157250406795	0.8341157250406795	0	35.922465896840194	91	1.770796430211952	35.922465896840194	1.770796430211952
OK	Task[1].Loop[1]/Subflow[62]	62	0.8775000000000001	0.8785	36	12	15	30	0.878	41.42738031868515	0.8774999057214585	0.0000001067102904	-0.0011319686231369	28.865567702827022	9.6	15.761276704973035	36	41.42738031868515	0.8774999057214585	0.8379822358820925	0.8379822358820925	0	36.105859292183695	96	1.7738539460703393	36.105859292183695	1.7738539460703393
OK	Task[1].Loop[1]/Subflow[63]	63	0.8785000000000001	0.8795	36	12	15	30	0.879	41.624302994224564	0.8784997089934545	0.0000003293792253	-0.0011321912920718	28.916035503542357	9.6	15.948506933416128	36	41.624302994224564	0.8784997089934545	0.8419373588928064	0.8419373588928064	0	36.2927870796497	96	1.7771856009624756	36.2927870796497	1.7771856009624756
OK	Task[1].Loop[1]/Subflow[64]	64	0.8795000000000001	0.8805	36	12	15	30	0.88	41.82608176547092	0.8794999015572176	0.0000001114236361	-0.0011319733364826	28.96140951195106	9.6	16.141118162349922	36	41.82608176547092	0.8794999015572176	0.8459863462904784	0.8459863462904784	0	36.48631657499705	101	1.7799353806679008	36.48631657499705	1.7799353806679008
OK	Task[1].Loop[1]/Subflow[65]	65	0.8805000000000001	0.8815	36	12	15	30	0.881	42.032295677400754	0.8804998192683688	0.0000002045632498	-0.0011320664760963	29.02577358613073	9.6	16.314096711168183	36	42.032295677400754	0.8804998192683688	0.850129303304973	0.850129303304973	0	36.68140004012896	101	1.7836455580394173	36.68140004012896	1.7836455580394173
OK	Task[1].Loop[1]/Subflow[66]	66	0.8815000000000001	0.8825	36	12	15	30	0.882	42.24337757738806	0.8814999631827515	0.0000000416720414	-0.0011319035848879	29.092093803566815	9.6	16.484809039023766	36	42.24337757738806	0.8814999631827515	0.8543718590229783	0.8543718590229783	0	36.88011240889442	107	1.7877687667211788	36.88011240889442	1.7877687667211788
OK	Task[1].Loop[1]/Subflow[67]	67	0.8825000000000001	0.8835	36	12	15	30	0.883	42.45936610002539	0.8824999881629276	0.0000000133979314	-0.001131875310778	29.15587433843458	9.6	16.657519283933933	36	42.45936610002539	0.8824999881629276	0.8587155562677015	0.8587155562677015	0	37.08207394157266	112	1.7924444658864402	37.08207394157266	1.7924444658864402
OK	Task[1].Loop[1]/Subflow[68]	68	0.8835000000000001	0.8845	36	12	15	30	0.884	42.679957164836225	0.8835001776159462	-0.0000002010367246	-0.0011316608761219	29.25894741884489	9.6	16.789878288790266	36	42.679957164836225	0.8835001776159462	0.8631640277402406	0.8631640277402406	0	37.28170704326753	97	1.7994305071589238	37.28170704326753	1.7994305071589238
OK	Task[1].Loop[1]/Subflow[69]	69	0.8845000000000001	0.8855	36	12	15	30	0.885	42.90577923835227	0.8845000535321608	-0.0000000605910138	-0.0011318013218327	29.325446996188287	9.6	16.95821849178441	36	42.90577923835227	0.8845000535321608	0.8677163636735707	0.8677163636735707	0	37.486956459436485	111	1.8062881121908063	37.486956459436485	1.8062881121908063
OK	Task[1].Loop[1]/Subflow[70]	70	0.8855000000000001	0.8865	36	12	15	30	0.886	43.13641225918684	0.8854999871801144	0.0000000145103404	-0.0011318764231869	29.420419474436127	9.6	17.097075093549257	36	43.13641225918684	0.8854999871801144	0.8723761782890598	0.8723761782890598	0	37.690879627851686	107	1.8151914646052845	37.690879627851686	1.8151914646052845
OK	Task[1].Loop[1]/Subflow[71]	71	0.8865000000000001	0.8875	36	12	15	30	0.887	43.37205261106703	0.8865000097619086	-0.0000000110491324	-0.0011318508637141	29.52438309531288	9.6	17.226126077930672	36	43.37205261106703	0.8865000097619086	0.8771436921298004	0.8771436921298004	0	37.8956850022452	112	1.8254698692556772	37.8956850022452	1.8254698692556772
OK	Task[1].Loop[1]/Subflow[72]	72	0.8875000000000001	0.8885	36	12	15	30	0.888	43.612690139206535	0.8875000395396688	-0.0000000447534451	-0.0011318171594014	29.635742621461816	9.6	17.346998649174438	36	43.612690139206535	0.8875000395396688	0.8820181876137941	0.8820181876137941	0	38.10164184781887	112	1.8370301854315372	38.10164184781887	1.8370301854315372
OK	Task[1].Loop[1]/Subflow[73]	73	0.8885000000000001	0.8895	36	12	15	30	0.889	43.858255157773385	0.8884999907919474	0.0000000104222441	-0.0011318723350906	29.750974341053656	9.6	17.463158285351955	36	43.858255157773385	0.8884999907919474	0.8869981460670537	0.8869981460670537	0	38.30874866563725	102	1.8498496839937175	38.30874866563725	1.8498496839937175
OK	Task[1].Loop[1]/Subflow[74]	74	0.8895000000000001	0.8905	36	12	15	30	0.89	44.1087979616735	0.8895000210011222	-0.0000000237703703	-0.0011318381424762	29.881862038850482	9.6	17.563374971969527	36	44.1087979616735	0.8895000210011222	0.8920821899423169	0.8920821899423169	0	38.51834974513052	117	1.8634970301247122	38.51834974513052	1.8634970301247122
OK	Task[1].Loop[1]/Subflow[75]	75	0.8905000000000001	0.8915	36	12	15	30	0.891	44.36416982642484	0.8904999804333822	0.0000000221467095	-0.0011318840595561	30.019462477558214	9.6	17.656437894650125	36	44.36416982642484	0.8904999804333822	0.897267060932152	0.897267060932152	0	38.730451190134644	117	1.877920613990291	38.730451190134644	1.877920613990291
OK	Task[1].Loop[1]/Subflow[76]	76	0.8915000000000001	0.8925	36	12	15	30	0.892	44.92388234403789	0.8915000046990326	-0.0000000053186559	-0.0011318565941906	34.93676780393201	9.6	12.993222894649586	36	44.92388234403789	0.8915000046990326	0.9083186193358607	0.9083186193358607	0	39.36496611767414	106	1.8529862863056437	39.36496611767414	1.8529862863056437
OK	Task[1].Loop[1]/Subflow[77]	77	0.8925000000000001	0.8935	36	12	15	30	0.893	45.11323089552624	0.8924999957903422	0.0000000047647514	-0.0011318666775979	35.62519649865601	9.6	12.525268975784178	36	45.11323089552624	0.8924999957903422	0.9121158859647844	0.9121158859647844	0	39.54781715190906	96	1.8551521420113133	39.54781715190906	1.8551521420113133
OK	Task[1].Loop[1]/Subflow[78]	78	0.8935000000000001	0.8945	36	12	15	30	0.894	45.2885210848889	0.8935001322108813	-0.0000001496444609	-0.0011317122683856	36.071849474655735	9.6	12.299191319379561	36	45.2885210848889	0.8935001322108813	0.9156839400336616	0.9156839400336616	0	39.688465229374216	86	1.866699601209369	39.688465229374216	1.866699601209369
OK	Task[1].Loop[1]/Subflow[79]	79	0.8945000000000001	0.8955	36	12	15	30	0.895	45.45591451289938	0.8944999938452872	0.0000000069662851	-0.0011318688791316	36.44277250593282	9.6	12.149819000473324	36	45.45591451289938	0.8944999938452872	0.9191052135758971	0.9191052135758971	0	39.815197250335686	86	1.8802535075096927	39.815197250335686	1.8802535075096927
OK	Task[1].Loop[1]/Subflow[80]	80	0.8955000000000001	0.8965	36	12	15	30	0.896	45.6174065431772	0.8955000243974387	-0.0000000276145316	-0.001131834298315	36.81156780273699	9.6	12	36	45.6174065431772	0.8955000243974387	0.9224249625387039	0.9224249625387039	0	39.927094635877424	66	1.8967851825438942	39.927094635877424	1.8967851825438942
OK	Task[1].Loop[1]/Subflow[81]	81	0.8965000000000001	0.8975	36	12	15	30	0.897	45.77698771993943	0.8965000000020793	-0.0000000000023534	-0.0011318619104931	37.043301841564585	9.6	12	36	45.77698771993943	0.8965000000020793	0.9256615056374351	0.9256615056374351	0	40.061519699013374	86	1.9051706180584347	40.061519699013374	1.9051706180584347
OK	Task[1].Loop[1]/Subflow[82]	82	0.8975000000000001	0.8985	36	12	15	30	0.898	45.935125714155504	0.8974999999816593	0.0000000000207592	-0.0011318619336057	37.27502240815523	9.6	12	36	45.935125714155504	0.8974999999816593	0.9288694562708905	0.9288694562708905	0	40.19436123524041	86	1.9136028353845376	40.19436123524041	1.9136028353845376
OK	Task[1].Loop[1]/Subflow[83]	83	0.8985000000000001	0.8995	36	12	15	30	0.899	46.0922519788092	0.8984999998950702	0.0000000001187661	-0.0011318620316126	37.50677278509528	9.6	12	36	46.0922519788092	0.8984999998950702	0.9320572903945267	0.9320572903945267	0	40.32613176824019	86	1.9220548107523427	40.32613176824019	1.9220548107523427
OK	Task[1].Loop[1]/Subflow[84]	84	0.8995000000000001	0.9005	36	12	15	30	0.9	46.24884521814903	0.8994999997834003	0.000000000245161	-0.0011318621580075	37.73860578231321	9.6	12	36	46.24884521814903	0.8994999997834003	0.9352344147015155	0.9352344147015155	0	40.45739860493062	86	1.9304970097086454	40.45739860493062	1.9304970097086454
OK	Task[1].Loop[1]/Subflow[85]	85	0.9005000000000001	0.9015	36	12	15	30	0.901	46.405428627684216	0.9004999998842538	0.0000000001310088	-0.0011318620438553	37.97057824319651	9.6	12	36	46.405428627684216	0.9004999998842538	0.9384111099187548	0.9384111099187548	0	40.58878190535255	86	1.9388971104976207	40.58878190535255	1.9388971104976207
OK	Task[1].Loop[1]/Subflow[86]	86	0.9015000000000001	0.9025	36	12	15	30	0.902	46.562570157955236	0.9014999929411964	0.000000007989591	-0.0011318699024375	38.20274942575439	9.6	12	36	46.562570157955236	0.9014999929411964	0.941598535204238	0.941598535204238	0	40.72095542193664	81	1.9472198455509329	40.72095542193664	1.9472198455509329
OK	Task[1].Loop[1]/Subflow[87]	87	0.9025000000000001	0.9035	36	12	15	30	0.903	46.720888466185045	0.9024999903155728	0.0000000109614344	-0.0011318728742809	38.43518726888941	9.6	12	36	46.720888466185045	0.9024999903155728	0.9448088476753681	0.9448088476753681	0	40.85465215371413	81	1.9554271006400796	40.85465215371413	1.9554271006400796
OK	Task[1].Loop[1]/Subflow[88]	88	0.9035000000000001	0.9045	36	12	15	30	0.904	46.88104982774286	0.9034999877989449	0.0000000138099096	-0.0011318757227561	38.66796070199896	9.6	12	36	46.88104982774286	0.9034999877989449	0.9480551382889607	0.9480551382889607	0	40.990662548252644	81	1.9634774847158667	40.990662548252644	1.9634774847158667
OK	Task[1].Loop[1]/Subflow[89]	89	0.9045000000000001	0.9055	36	12	15	30	0.905	47.04377374785719	0.9044999839595584	0.000000018155565	-0.0011318800684115	38.90114419148637	9.6	12	36	47.04377374785719	0.9044999839595584	0.9513515439162493	0.9513515439162493	0	41.1298401729632	81	1.9713263100413485	41.1298401729632	1.9713263100413485
OK	Task[1].Loop[1]/Subflow[90]	90	0.9055000000000001	0.9065	36	12	15	30	0.906	47.209835804995066	0.9054999774139398	0.0000000255643014	-0.0011318874771479	39.13481744932202	9.6	12	36	47.209835804995066	0.9054999774139398	0.9547133029150545	0.9547133029150545	0	41.27310524828657	81	1.9789253622552252	41.27310524828657	1.9789253622552252
OK	Task[1].Loop[1]/Subflow[91]	91	0.9065000000000001	0.9075	36	12	15	30	0.907	47.380071657838755	0.9064999675703862	0.0000000367058448	-0.0011318986186913	39.36906600828437	9.6	12	36	47.380071657838755	0.9064999675703862	0.9581568339087745	0.9581568339087745	0	41.421449374265634	81	1.9862226605039126	41.421449374265634	1.9862226605039126
OK	Task[1].Loop[1]/Subflow[92]	92	0.9075000000000001	0.9085	36	12	15	30	0.908	47.55538162313411	0.9074999545364568	0.000000051458453	-0.0011319133712996	39.6039816714342	9.6	12	36	47.55538162313411	0.9074999545364568	0.9616998256963489	0.9616998256963489	0	41.57594098082153	81	1.9931621666355426	41.57594098082153	1.9931621666355426
OK	Task[1].Loop[1]/Subflow[93]	93	0.9085000000000001	0.9095	36	12	15	30	0.909	47.73673605441769	0.9084999389882311	0.0000000690568975	-0.001131930969744	39.839663031331604	9.6	12	36	47.73673605441769	0.9084999389882311	0.965361342891564	0.965361342891564	0	41.73773173154744	81	1.999683443498597	41.73773173154744	1.999683443498597
OK	Task[1].Loop[1]/Subflow[94]	94	0.9095000000000001	0.9105	36	12	15	30	0.91	47.92518167566533	0.9094999221519617	0.0000000881132296	-0.0011319500260761	40.076216106960246	9.6	12	36	47.92518167566533	0.9094999221519617	0.9691619503325566	0.9691619503325566	0	41.90806405612828	81	2.0057212553566615	41.90806405612828	2.0057212553566615
OK	Task[1].Loop[1]/Subflow[95]	95	0.9105000000000001	0.9115	36	12	15	30	0.911	48.121849019678905	0.9104999058452414	0.0000001065701852	-0.0011319684830317	40.313755101695996	9.6	12	36	48.121849019678905	0.9104999058452414	0.9731238591990778	0.9731238591990778	0	42.08827999233311	81	2.0112051000155162	42.08827999233311	2.0112051000155162
OK	Task[1].Loop[1]/Subflow[96]	96	0.9115000000000001	0.9125	36	12	15	30	0.912	48.32822035621285	0.9115000359316674	-0.0000000406696857	-0.0011318212431608	40.526631622817185	9.6	12.027472192497973	36	48.32822035621285	0.9115000359316674	0.9772699593248149	0.9772699593248149	0	42.283523049954326	91	2.014914554765312	42.283523049954326	2.014914554765312
OK	Task[1].Loop[1]/Subflow[97]	97	0.9125000000000001	0.9135	36	12	15	30	0.913	48.543784759233375	0.9125000319195719	-0.0000000361285476	-0.001131825784299	40.684140477062066	9.6	12.114029644232286	36	48.543784759233375	0.9125000319195719	0.9815879171393775	0.9815879171393775	0	42.49443324388044	91	2.016465969687424	42.49443324388044	2.016465969687424
OK	Task[1].Loop[1]/Subflow[98]	98	0.9135000000000001	0.9145	36	12	15	30	0.914	48.767576841757574	0.913500047860772	-0.0000000541717848	-0.0011318077410617	40.83096358993407	9.6	12.211337812176877	36	48.767576841757574	0.913500047860772	0.9860737268112297	0.9860737268112297	0	42.71174071703733	91	2.0186275227124497	42.71174071703733	2.0186275227124497
OK	Task[1].Loop[1]/Subflow[99]	99	0.9145000000000001	0.9155	36	12	15	30	0.915	48.999639071014016	0.9145000903572735	-0.0000001022719564	-0.0011317596408902	40.96696850892068	9.6	12.319188995022316	36	48.999639071014016	0.9145000903572735	0.9907301272146344	0.9907301272146344	0	42.93446169914709	91	2.0217412956331344	42.93446169914709	2.0217412956331344
OK	Task[1].Loop[1]/Subflow[100]	100	0.9155000000000001	0.9165	36	12	15	30	0.916	57.77364916867695	0.9155208997695834	-0.0000236556531786	-0.0011082062596679	38.50152000420154	12.898136862362527	17.463401356622736	32.32023095703116	57.77364916867695	0.9155208997695834	1.1681296392816014	1.1681296392816014	0	50.62424275541752	6	2.383153747708981	50.62424275541752	2.383153747708981
OK	Task[1].Loop[1]/Subflow[101]	101	0.9165000000000001	0.9175	36	12	15	30	0.917	58.07418060861585	0.9165349238155128	-0.0000395289366301	-0.0010923329762164	38.5801299994034	12.926968708978748	17.54110711913388	32.392678436319066	58.07418060861585	0.9165349238155128	1.1742162050585452	1.1742162050585452	0	50.88210021262148	6	2.397378517718133	50.88210021262148	2.397378517718133
OK	Task[1].Loop[1]/Subflow[102]	102	0.9175000000000001	0.9185	36	12	15	30	0.918	58.37768789958127	0.9175509983705303	-0.0000577231132204	-0.0010741387996261	38.658739994605284	12.955800555595259	17.61881288164495	32.46512591560679	58.37768789958127	0.9175509983705303	1.1803666319654862	1.1803666319654862	0	51.140560371529105	6	2.4123943435691224	51.140560371529105	2.4123943435691224
OK	Task[1].Loop[1]/Subflow[103]	103	0.9185000000000001	0.9195	36	12	15	30	0.919	58.68425260334461	0.9185692731513903	-0.0000784076416414	-0.0010534542712051	38.73734998980735	12.984632402211274	17.69651864415639	32.53757339489473	58.68425260334461	0.9185692731513903	1.1865828553731803	1.1865828553731803	0	51.39953925464475	6	2.4282564054405817	51.39953925464475	2.4282564054405817
OK	Task[1].Loop[1]/Subflow[104]	104	0.9195000000000001	0.9205	36	12	15	30	0.92	58.993958716931346	0.9195899024806035	-0.0001017571936654	-0.0010301047191811	38.81595998500916	13.01346424882777	17.774224406667372	32.610020874182496	58.993958716931346	0.9195899024806035	1.1928668682309724	1.1928668682309724	0	51.65895048966061	6	2.445021493546829	51.65895048966061	2.445021493546829
OK	Task[1].Loop[1]/Subflow[105]	105	0.9205000000000001	0.9215	36	12	15	30	0.921	59.3068926726211	0.9206130452864523	-0.0001279516541621	-0.0010039102586845	38.8945699802109	13.042296095443959	17.85193016917868	32.682468353470185	59.3068926726211	0.9206130452864523	1.199220721066798	1.199220721066798	0	51.918705309450516	6	2.462748008137792	51.918705309450516	2.462748008137792
OK	Task[1].Loop[1]/Subflow[106]	106	0.9215000000000001	0.9225	36	12	15	30	0.922	59.6231433379472	0.9216388651029814	-0.0001571761210881	-0.0009746857917584	38.97317997541316	13.07112794206002	17.929635931690047	32.7549158327583	59.6231433379472	0.9216388651029814	1.205646521987174	1.205646521987174	0	52.178712552068276	6	2.4814959594990658	52.178712552068276	2.4814959594990658
OK	Task[1].Loop[1]/Subflow[107]	107	0.9225000000000001	0.9235	36	12	15	30	0.923	51.1349249584497	0.922499696019957	0.0000003440634331	-0.0011322059762796	41.68436132518584	9.6	13.516459181075565	36	51.1349249584497	0.922499696019957	1.0338521562269685	1.0338521562269685	0	44.83345914635912	82	2.100504713018026	44.83345914635912	2.100504713018026
OK	Task[1].Loop[1]/Subflow[108]	108	0.9235000000000001	0.9245	36	12	15	30	0.924	51.43317805575134	0.9234998063840623	0.0000002191465058	-0.0011320810593523	41.737824819972886	9.6	13.697621354426202	36	51.43317805575134	0.9234998063840623	1.0398988823752287	1.0398988823752287	0	45.085939231470846	82	2.1157625007512095	45.085939231470846	2.1157625007512095
OK	Task[1].Loop[1]/Subflow[109]	109	0.9245000000000001	0.9255	36	12	15	30	0.925	51.737614755972885	0.9244999229781556	0.0000000871780922	-0.0011319490909387	41.78678313276472	9.6	13.882829360929874	36	51.737614755972885	0.9244999229781556	1.0460702139356908	1.0460702139356908	0	45.34406648187239	81	2.131199102397339	45.34406648187239	2.131199102397339
OK	Task[1].Loop[1]/Subflow[110]	110	0.9255000000000001	0.9265	36	12	15	30	0.926	52.04784412331664	0.9254998420855096	0.0000001787373973	-0.0011320406502438	41.822443225974055	9.6	14.080442316626868	36	52.04784412331664	0.9254998420855096	1.0523601345000573	1.0523601345000573	0	45.60647316254439	71	2.1471401201944147	45.60647316254439	2.1471401201944147
OK	Task[1].Loop[1]/Subflow[111]	111	0.9265000000000001	0.9275	36	12	15	30	0.927	52.364086535436115	0.9265000060060136	-0.0000000067979779	-0.0011318551148686	41.86242949822211	9.6	14.274309070168625	36	52.364086535436115	0.9265000060060136	1.0587642652792058	1.0587642652792058	0	45.87814967003946	81	2.1619955356490195	45.87814967003946	2.1619955356490195
OK	Task[1].Loop[1]/Subflow[112]	112	0.9275000000000001	0.9285	36	12	15	30	0.928	52.68586225830778	0.9274999591803067	0.0000000462022563	-0.0011319081151028	41.89262337273634	9.6	14.47769549775792	36	52.68586225830778	0.9274999591803067	1.0652769512298976	1.0652769512298976	0	46.15647930441814	81	2.176477676196278	46.15647930441814	2.176477676196278
OK	Task[1].Loop[1]/Subflow[113]	113	0.9285000000000001	0.9295	36	12	15	30	0.929	53.0131227999873	0.9284996834126832	0.0000003583331261	-0.0011322202459726	41.91864430532296	9.6	14.685522880693494	36	53.0131227999873	0.9284996834126832	1.0718935926116335	1.0718935926116335	0	46.44338487999285	81	2.1899294347084535	46.44338487999285	2.1899294347084535
OK	Task[1].Loop[1]/Subflow[114]	114	0.9295000000000001	0.9305	36	12	15	30	0.93	53.34604338921996	0.9294998646557631	0.000000153190987	-0.0011320151038335	41.949315703843666	9.6	14.889794529437276	36	53.34604338921996	0.9294998646557631	1.0786141752963017	1.0786141752963017	0	46.7409514782707	81	2.2017141887203096	46.7409514782707	2.2017141887203096
OK	Task[1].Loop[1]/Subflow[115]	115	0.9305000000000001	0.9315	36	12	15	30	0.931	53.684282614178784	0.9304999516901507	0.0000000546800786	-0.0011319165929251	41.97686285599725	9.6	15.097725133090826	36	53.684282614178784	0.9304999516901507	1.0854339508759605	1.0854339508759605	0	47.047709954258906	81	2.21220785216601	47.047709954258906	2.21220785216601
OK	Task[1].Loop[1]/Subflow[116]	116	0.9315000000000001	0.9325	36	12	15	30	0.932	54.027781661621944	0.931499994887123	0.0000000057870709	-0.0011318676999174	42.00240220994779	9.6	15.308290892272707	36	54.027781661621944	0.931499994887123	1.0923513584909643	1.0923513584909643	0	47.36381061536294	81	2.2213407176319393	47.36381061536294	2.2213407176319393
OK	Task[1].Loop[1]/Subflow[117]	117	0.9325000000000001	0.9335	36	12	15	30	0.933	54.37647353336558	0.932500016607382	-0.0000000187972631	-0.0011318431155834	42.02670602966818	9.6	15.520713946035524	36	54.37647353336558	0.932500016607382	1.0993653809967314	1.0993653809967314	0	47.689011490190026	81	2.2291711099666642	47.689011490190026	2.2291711099666642
OK	Task[1].Loop[1]/Subflow[118]	118	0.9335000000000001	0.9345	36	12	15	30	0.934	54.73003393537945	0.9334993158782925	0.0000007743313046	-0.0011326362441511	42.04296528013908	9.6	15.74115851956127	36	54.73003393537945	0.9334993158782925	1.1064716499536504	1.1064716499536504	0	48.0218400456494	76	2.2360817784593294	48.0218400456494	2.2360817784593294
OK	Task[1].Loop[1]/Subflow[119]	119	0.9345000000000001	0.9355	36	12	15	30	0.935	62.776256387061686	0.9344999418998754	0.0000000657613183	-0.0011319276741648	40.46441052498355	13.590388767317059	17.985284509512184	34.15101707372352	62.776256387061686	0.9344999418998754	1.2693351217500917	1.2693351217500917	0	54.976615085083495	11	2.5999003729468964	54.976615085083495	2.5999003729468964
OK	Task[1].Loop[1]/Subflow[120]	120	0.9355000000000001	0.9365	36	12	15	30	0.936	55.45276250112693	0.9354995561645432	0.0000005023604493	-0.0011323642732958	42.10531847758391	9.6	16.154963867815923	36	55.45276250112693	0.9354995561645432	1.1209802998916916	1.1209802998916916	0	48.711741792188846	76	2.247024135403315	48.711741792188846	2.247024135403315
OK	Task[1].Loop[1]/Subflow[121]	121	0.9365000000000001	0.9375	36	12	15	30	0.937	55.82146136369599	0.9364997616119667	0.0000002698223355	-0.001132131735182	42.12704858595476	9.6	16.370642875364368	36	55.82146136369599	0.9364997616119667	1.1283819582175838	1.1283819582175838	0	49.06364363165757	76	2.252623186019953	49.06364363165757	2.252623186019953
OK	Task[1].Loop[1]/Subflow[122]	122	0.9375000000000001	0.9385	36	12	15	30	0.9380000000000001	56.194862181861566	0.9374999830517761	0.0000000191830493	-0.0011318810958958	42.14317504961439	9.6	16.59093239770258	36	56.194862181861566	0.9374999830517761	1.1358824183215248	1.1358824183215248	0	49.41763872950786	81	2.2590918090479946	49.41763872950786	2.2590918090479946
OK	Task[1].Loop[1]/Subflow[123]	123	0.9385000000000001	0.9395	36	12	15	30	0.9390000000000001	56.57602003591049	0.9385000142466622	-0.0000000161252542	-0.0011318457875923	42.018666225754416	9.6	16.9412554994689	36	56.57602003591049	0.9385000142466622	1.143577774622891	1.143577774622891	0	49.75776607477154	51	2.272768750170208	49.75776607477154	2.272768750170208
OK	Task[1].Loop[1]/Subflow[124]	124	0.9395000000000001	0.9405	36	12	15	30	0.9400000000000001	56.95496957776493	0.9395000106702548	-0.0000000120772549	-0.0011318498355916	42.179904935134054	9.6	17.02313237152891	36	56.95496957776493	0.9395000106702548	1.1511768698672193	1.1511768698672193	0	50.12398370554915	51	2.277012753073855	50.12398370554915	2.277012753073855
OK	Task[1].Loop[1]/Subflow[125]	125	0.9405000000000001	0.9415	36	12	15	30	0.9410000000000001	57.345523617008496	0.9405000039116012	-0.0000000044273922	-0.0011318574854543	42.33838954243374	9.6	17.108115940844865	36	57.345523617008496	0.9405000039116012	1.1590085071742404	1.1590085071742404	0	50.50150474994415	51	2.281357118004543	50.50150474994415	2.281357118004543
OK	Task[1].Loop[1]/Subflow[126]	126	0.9415000000000001	0.9425	36	12	15	30	0.9420000000000001	57.73181669291381	0.9414998246953465	0.0000001984206605	-0.001132060333507	42.24116072435189	9.6	17.42421010170265	36	57.73181669291381	0.9414998246953465	1.1668617842271296	1.1668617842271296	0	50.81675969342494	98	2.3050366770683084	50.81675969342494	2.3050366770683084
OK	Task[1].Loop[1]/Subflow[127]	127	0.9425000000000001	0.9435	36	12	15	30	0.9430000000000001	58.12589416120849	0.9424999318756344	0.0000000771073749	-0.0011319390202214	42.26195576626815	9.6	17.62931669654959	36	58.12589416120849	0.9424999318756344	1.1748549082231652	1.1748549082231652	0	51.14836351989878	76	2.325861384048899	51.14836351989878	2.325861384048899
OK	Task[1].Loop[1]/Subflow[128]	128	0.9435000000000001	0.9445	36	12	15	30	0.9440000000000001	58.5233881793809	0.9434998573803679	0.0000001614257297	-0.0011320233385762	42.28593383333789	9.6	17.827923079529143	36	58.5233881793809	0.9434998573803679	1.1829426919249841	1.1829426919249841	0	51.46907077234424	76	2.3514571689278583	51.46907077234424	2.3514571689278583
OK	Task[1].Loop[1]/Subflow[129]	129	0.9445000000000001	0.9455	36	12	15	30	0.9450000000000001	58.925245248407094	0.9445000221123492	-0.0000000250281257	-0.0011318368847208	42.33653806979701	9.6	18	36	58.925245248407094	0.9445000221123492	1.191126584091891	1.191126584091891	0	51.7893159229519	76	2.3786613503770084	51.7893159229519	2.3786613503770084
OK	Task[1].Loop[1]/Subflow[130]	130	0.9455000000000001	0.9465	36	12	15	30	0.9460000000000001	59.351398509512904	0.9454999923670291	0.0000000086394692	-0.0011318705523157	42.58940847973641	9.6	18	36	59.351398509512904	0.9454999923670291	1.199636978074281	1.199636978074281	0	52.220308701109715	71	2.3770481656578752	52.220308701109715	2.3770481656578752
OK	Task[1].Loop[1]/Subflow[131]	131	0.9465000000000001	0.9475	36	12	15	30	0.9470000000000001	59.80608368767216	0.9464999917419075	0.0000000093470205	-0.0011318712598671	42.84518304574138	9.6	18	36	59.80608368767216	0.9464999917419075	1.2087081612732846	1.2087081612732846	0	52.68504491645977	66	2.373697794238417	52.68504491645977	2.373697794238417
OK	Task[1].Loop[1]/Subflow[132]	132	0.9475000000000001	0.9485	36	12	15	30	0.9480000000000001	60.29261596476371	0.9474999988876496	0.0000000012590272	-0.0011318631718737	43.10417350934611	9.6	18	36	60.29261596476371	0.9474999988876496	1.2184053089524816	1.2184053089524816	0	53.187436591252535	66	2.368411287801287	53.187436591252535	2.368411287801287
OK	Task[1].Loop[1]/Subflow[133]	133	0.9485000000000001	0.9495	36	12	15	30	0.9490000000000001	61.334960793812314	0.9485000015099346	-0.0000000017090374	-0.0011318602038091	43.2	10.123028283737234	18	36	61.334960793812314	0.9485000015099346	1.2394125852654119	1.2394125852654119	0	54.137701174597666	61	2.399104938653842	54.137701174597666	2.399104938653842
OK	Task[1].Loop[1]/Subflow[134]	134	0.9495000000000001	0.9505	36	12	15	30	0.9500000000000001	62.849047304912574	0.9495000096839786	-0.0000000109609264	-0.0011318509519201	43.2	11.009523495793788	18	36	62.849047304912574	0.9495000096839786	1.2700274392190414	1.2700274392190414	0	55.463646220274185	56	2.4618192415732167	55.463646220274185	2.4618192415732167
OK	Task[1].Loop[1]/Subflow[135]	135	0.9505000000000001	0.9515	36	12	15	30	0.9510000000000001	64.37655622249969	0.9505000007081512	-0.0000000008015293	-0.0011318611113173	43.2	11.84851866537322	18	36	64.37655622249969	0.9505000007081512	1.3009232544792468	1.3009232544792468	0	56.796154600276836	46	2.5268199192770524	56.796154600276836	2.5268199192770524
OK	Task[1].Loop[1]/Subflow[136]	136	0.9515000000000001	0.9525	36	12	15	30	0.9520000000000001	65.82721437349298	0.9515000001029663	-0.0000000001165435	-0.001131861796303	43.2	12.60689976013456	18	36	65.82721437349298	0.9515000001029663	1.330253922144547	1.330253922144547	0	58.067456405760296	46	2.5866058262798006	58.067456405760296	2.5866058262798006
