"Status Code/Type"	"Row Name"	"Run #"	"Mapped Attributes and Options.Output Constraint Attributes.MeanMass - Lower Bound"	"Mapped Attributes and Options.Output Constraint Attributes.MeanMass - Upper Bound"	A	B	C	D	TargetMass	MeanLoad	MeanMass	"Optimization1 Results.Constraint Values at Optimum.MeanMass (Lower Bound Constraint)"	"Optimization1 Results.Constraint Values at Optimum.MeanMass (Upper Bound Constraint)"	"Optimization1 Results.Optimal Design.A"	"Optimization1 Results.Optimal Design.B"	"Optimization1 Results.Optimal Design.C"	"Optimization1 Results.Optimal Design.D"	"Optimization1 Results.Optimal Design.MeanLoad"	"Optimization1 Results.Optimal Design.MeanMass"	"Optimization1 Results.Optimal Design.Objective and Penalty"	"Optimization1 Results.Optimal Design.Objective Function"	"Optimization1 Results.Optimal Design.Penalty Function"	"Optimization1 Results.Optimal Design.ReliableLoad"	"Optimization1 Results.Optimal Design.Run #"	"Optimization1 Results.Optimal Design.SDLoad"	ReliableLoad	SDLoad
OK	Task[1].Loop[1]/Subflow[1]	1	0.8165	0.8174999999999999	36	12	15	30	0.817	38.673723306338985	0.8175003552135034	-0.001132263965482	0.0000004020526355	28.8	12.148525177853811	12	24	38.673723306338985	0.8175003552135034	-0.7813784776151373	-0.7813784776151373	0	33.43757895815455	56	1.7453948347201402	33.43757895815455	1.7453948347201402
OK	Task[1].Loop[1]/Subflow[2]	2	0.8175	0.8184999999999999	36	12	15	30	0.818	39.06822040612994	0.8185008285625892	-0.0011327997312838	0.0000009378184373	28.8	12.666789531601513	12	24	39.06822040612994	0.8185008285625892	-0.789371068620678	-0.789371068620678	0	33.79062267744241	61	1.7592127341153114	33.79062267744241	1.7592127341153114
OK	Task[1].Loop[1]/Subflow[3]	3	0.8185	0.8194999999999999	36	12	15	30	0.819	39.46442483360039	0.8194999999911998	-0.001131861902886	-0.0000000000099605	28.8	13.170253868537063	12	24	39.46442483360039	0.8194999999911998	-0.7974121039482471	-0.7974121039482471	0	34.15271692324372	66	1.7705828818138327	34.15271692324372	1.7705828818138327
OK	Task[1].Loop[1]/Subflow[4]	4	0.8195	0.8204999999999999	36	12	15	30	0.82	39.85703611814094	0.8205000030656093	-0.0011318653826931	0.0000000034698466	28.8	13.674088689417482	12	24	39.85703611814094	0.8205000030656093	-0.8054016182474592	-0.8054016182474592	0	34.52314909786153	66	1.777975975121545	34.52314909786153	1.777975975121545
OK	Task[1].Loop[1]/Subflow[5]	5	0.8205	0.8214999999999999	36	12	15	30	0.821	40.23937263298423	0.8215000090384481	-0.0011318721431218	0.0000000102302753	28.8	14.199630057130422	12	24	40.23937263298423	0.8215000090384481	-0.8132162993711274	-0.8132162993711274	0	34.90248781428884	66	1.778975248919326	34.90248781428884	1.778975248919326
OK	Task[1].Loop[1]/Subflow[6]	6	0.8215	0.8224999999999999	36	12	15	30	0.822	40.509752042756574	0.8225000008944721	-0.0011318629252655	0.000000001012419	28.8	14.419965590000004	12.155733874826753	24	40.509752042756574	0.8225000008944721	-0.8187837061893274	-0.8187837061893274	0	35.1930365974794	86	1.7722520729046023	35.1930365974794	1.7722520729046023
OK	Task[1].Loop[1]/Subflow[7]	7	0.8225	0.8234999999999999	36	12	15	30	0.823	40.72797875071987	0.8235000018597034	-0.0011318640177741	0.0000000021049276	28.8	14.419965590000004	12.406346791897295	24	40.72797875071987	0.8235000018597034	-0.8232504187247116	-0.8232504187247116	0	35.41298237110893	91	1.7716790466441905	35.41298237110893	1.7716790466441905
OK	Task[1].Loop[1]/Subflow[8]	8	0.8235	0.8244999999999999	36	12	15	30	0.824	40.95942533301478	0.8245000374776297	-0.0011319043323482	0.0000000424195017	28.8	14.419965590000004	12.651482299303135	24	40.95942533301478	0.8245000374776297	-0.8279528643205215	-0.8279528643205215	0	35.62732593949023	91	1.7773800950289127	35.62732593949023	1.7773800950289127
OK	Task[1].Loop[1]/Subflow[9]	9	0.8245	0.8254999999999999	36	12	15	30	0.825	41.10173687934386	0.8254999088082176	-0.0011317586963413	-0.0000001032165052	29.65578146054727	14.419965590000004	12	24	41.10173687934386	0.8254999088082176	-0.8306641958184598	-0.8306641958184598	0	35.6613241925486	61	1.8134848029752133	35.6613241925486	1.8134848029752133
OK	Task[1].Loop[1]/Subflow[10]	10	0.8255	0.8264999999999999	36	12	15	30	0.826	41.32150536778025	0.8264999411196146	-0.0011317952683809	-0.0000000666444656	29.894186713977085	14.419965590000004	12	24	41.32150536778025	0.8264999411196146	-0.8351105491961777	-0.8351105491961777	0	35.85463260933614	61	1.8223048945080675	35.85463260933614	1.8223048945080675
OK	Task[1].Loop[1]/Subflow[11]	11	0.8265	0.8274999999999999	36	12	15	30	0.827	41.5484216536141	0.8274999617313921	-0.0011318185980668	-0.0000000433147797	30.132949300145683	14.419965590000004	12	24	41.5484216536141	0.8274999617313921	-0.8397057757376845	-0.8397057757376845	0	36.05654091901534	61	1.8306409504982382	36.05654091901534	1.8306409504982382
OK	Task[1].Loop[1]/Subflow[12]	12	0.8275	0.8284999999999999	36	12	15	30	0.828	41.78149088370529	0.8284999790867829	-0.0011318382419727	-0.0000000236708739	30.371996226539757	14.419965590000004	12	24	41.78149088370529	0.8284999790867829	-0.8444291940369067	-0.8444291940369067	0	36.265873465441594	61	1.8385532390749146	36.265873465441594	1.8385532390749146
OK	Task[1].Loop[1]/Subflow[13]	13	0.8285	0.8294999999999999	36	12	15	30	0.829	42.01975161740117	0.8294999895627524	-0.0011318500993236	-0.0000000118135229	30.61125514531375	14.419965590000004	12	24	42.01975161740117	0.8294999895627524	-0.8492608183292266	-0.8492608183292266	0	36.48149464705603	61	1.846099814319433	36.48149464705603	1.846099814319433
OK	Task[1].Loop[1]/Subflow[14]	14	0.8295	0.8304999999999999	36	12	15	30	0.83	42.262285011276134	0.8305000005464604	-0.0011318625313644	0.0000000006185179	30.850660145465152	14.419965590000004	12	24	42.262285011276134	0.8305000005464604	-0.8541815466387528	-0.8541815466387528	0	36.70231825650331	66	1.8533364646365582	36.70231825650331	1.8533364646365582
OK	Task[1].Loop[1]/Subflow[15]	15	0.8305	0.8314999999999999	36	12	15	30	0.831	42.50821092277087	0.8315000001985176	-0.0011318621375411	0.0000000002246946	31.090144755670433	14.419965590000004	12	24	42.50821092277087	0.8315000001985176	-0.859173083468374	-0.859173083468374	0	36.92730487940424	71	1.8603162810391352	36.92730487940424	1.8603162810391352
OK	Task[1].Loop[1]/Subflow[16]	16	0.8315	0.8324999999999999	36	12	15	30	0.832	42.75670112730015	0.8324999998227833	-0.0011318617122618	-0.0000000002005847	31.329652288303038	14.419965590000004	12	24	42.75670112730015	0.8324999998227833	-0.864218209457158	-0.864218209457158	0	37.15547474138362	76	1.8670897805118214	37.15547474138362	1.8670897805118214
OK	Task[1].Loop[1]/Subflow[17]	17	0.8325	0.8334999999999999	36	12	15	30	0.833	43.00697335428853	0.8334999993349004	-0.0011318611600457	-0.0000000007528008	31.569127732747734	14.419965590000004	12	24	43.00697335428853	0.8334999993349004	-0.8693006616080632	-0.8693006616080632	0	37.38590294574352	76	1.8737045054592896	37.38590294574352	1.8737045054592896
OK	Task[1].Loop[1]/Subflow[18]	18	0.8335	0.8344999999999999	36	12	15	30	0.834	43.25829611834658	0.8344999990479212	-0.0011318608352248	-0.0000000010776217	31.808520701449634	14.419965590000004	12	24	43.25829611834658	0.8344999990479212	-0.8744052323195568	-0.8744052323195568	0	37.617724422002205	76	1.8802049845873823	37.617724422002205	1.8802049845873823
OK	Task[1].Loop[1]/Subflow[19]	19	0.8345	0.8354999999999999	36	12	15	30	0.835	43.5099900154473	0.8354999986440861	-0.0011318603781393	-0.0000000015347072	32.04778527422302	14.419965590000004	12	24	43.5099900154473	0.8354999986440861	-0.8795177964836088	-0.8795177964836088	0	37.85013554047419	76	1.886632626767283	37.85013554047419	1.886632626767283
OK	Task[1].Loop[1]/Subflow[20]	20	0.8355	0.8364999999999999	36	12	15	30	0.836	43.76132315870055	0.8364999901468531	-0.0011318507604449	-0.0000000111524016	32.279706271301315	14.419965590000004	12.00773966241182	24	43.76132315870055	0.8364999901468531	-0.8846256347441529	-0.8846256347441529	0	38.08362643142008	76	1.8925800898240608	38.08362643142008	1.8925800898240608
OK	Task[1].Loop[1]/Subflow[21]	21	0.8365	0.8374999999999999	36	12	15	30	0.837	44.715770667216994	0.8375000010261653	-0.001131863074324	0.0000000011614775	28.8	14.419965590000004	15.72898063818173	24	44.715770667216994	0.8375000010261653	-0.9039725103270531	-0.9039725103270531	0	38.94298141342619	104	1.9242778419658917	38.94298141342619	1.9242778419658917
OK	Task[1].Loop[1]/Subflow[22]	22	0.8375	0.8384999999999999	36	12	15	30	0.838	45.04764444246076	0.8385000000999667	-0.0011318620259951	0.0000000001131486	28.8	14.419965590000004	15.968907602927603	24	45.04764444246076	0.8385000000999667	-0.9107460976449007	-0.9107460976449007	0	39.26700105945343	96	1.926895905130567	39.26700105945343	1.926895905130567
OK	Task[1].Loop[1]/Subflow[23]	23	0.8385	0.8394999999999999	36	12	15	30	0.839	45.38481080333219	0.8395000094499221	-0.0011318726088535	0.000000010696007	28.8	14.419965590000004	16.208892850842002	24	45.38481080333219	0.8395000094499221	-0.9176305344180542	-0.9176305344180542	0	39.597723174582875	96	1.9290440035336216	39.597723174582875	1.9290440035336216
OK	Task[1].Loop[1]/Subflow[24]	24	0.8395	0.8404999999999999	36	12	15	30	0.84	45.727173997214926	0.8405000498936717	-0.0011319183855933	0.0000000564727467	28.8	14.419965590000004	16.448438433600433	24	45.727173997214926	0.8405000498936717	-0.9246197185462927	-0.9246197185462927	0	39.932801986734624	96	1.9314721494156144	39.932801986734624	1.9314721494156144
OK	Task[1].Loop[1]/Subflow[25]	25	0.8405	0.8414999999999999	36	12	15	30	0.841	46.074570860223965	0.8415000024304289	-0.0011318646637565	0.00000000275091	28.8	14.419965590000004	16.68691834320504	24	46.074570860223965	0.8415000024304289	-0.9317054252633018	-0.9317054252633018	0	40.26942039148147	96	1.9350649964097242	40.26942039148147	1.9350649964097242
OK	Task[1].Loop[1]/Subflow[26]	26	0.8415	0.8424999999999999	36	12	15	30	0.842	46.42689982685395	0.8425000033314209	-0.0011318656835551	0.0000000037707086	28.8	14.419965590000004	16.923692420364016	24	46.42689982685395	0.8425000033314209	-0.938880093252467	-0.938880093252467	0	40.604498995606114	96	1.9408151613653812	40.604498995606114	1.9408151613653812
OK	Task[1].Loop[1]/Subflow[27]	27	0.8425	0.8434999999999999	36	12	15	30	0.843	46.78406397343239	0.8435002834970871	-0.0011321827924018	0.0000003208795553	28.8	14.419965590000004	17.158092859869196	24	46.78406397343239	0.8435002834970871	-0.9461358611099616	-0.9461358611099616	0	40.93474854240278	91	1.9497867634568733	40.93474854240278	1.9497867634568733
OK	Task[1].Loop[1]/Subflow[28]	28	0.8435	0.8444999999999999	36	12	15	30	0.844	47.14561112204729	0.8445001806047356	-0.0011320663324682	0.0000002044196216	28.8	14.419965590000004	17.389226969521285	24	47.14561112204729	0.8445001806047356	-0.953457525661629	-0.953457525661629	0	41.25648352275922	91	1.963057588016599	41.25648352275922	1.963057588016599
OK	Task[1].Loop[1]/Subflow[29]	29	0.8445	0.8454999999999999	36	12	15	30	0.845	47.51139466896664	0.8454999845217064	-0.0011318443935556	-0.0000000175192909	28.8	14.419965590000004	17.616444208669225	24	47.51139466896664	0.8454999845217064	-0.9608362426255186	-0.9608362426255186	0	41.56638306239548	86	1.9816857333432294	41.56638306239548	1.9816857333432294
OK	Task[1].Loop[1]/Subflow[30]	30	0.8455	0.8464999999999999	36	12	15	30	0.846	47.88125208942157	0.8465000068948334	-0.0011318697168459	0.0000000078039994	28.8	14.419965590000004	17.839145500821456	24	47.88125208942157	0.8465000068948334	-0.9682632169661389	-0.9682632169661389	0	41.86131393556129	86	2.0066614406920875	41.86131393556129	2.0066614406920875
OK	Task[1].Loop[1]/Subflow[31]	31	0.8465	0.8474999999999999	36	12	15	30	0.847	48.22304852737745	0.8474999826892744	-0.0011318423194956	-0.0000000195933509	28.86180922473389	14.419965590000004	18	24	48.22304852737745	0.8474999826892744	-0.9751071398470197	-0.9751071398470197	0	42.12324235536416	81	2.033284317621738	42.12324235536416	2.033284317621738
OK	Task[1].Loop[1]/Subflow[32]	32	0.8475	0.8484999999999999	36	12	15	30	0.848	48.48454131420517	0.8484999898449523	-0.0011318504187349	-0.0000000114941116	29.097275421050536	14.419965590000004	18	24	48.48454131420517	0.8484999898449523	-0.9803816592658914	-0.9803816592658914	0	42.34456360625804	76	2.046674932297523	42.34456360625804	2.046674932297523
OK	Task[1].Loop[1]/Subflow[33]	33	0.8485	0.8494999999999999	36	12	15	30	0.849	48.75681884072487	0.8495000000130271	-0.0011318619275914	0.0000000000147449	29.33336583942785	14.419965590000004	18	24	48.75681884072487	0.8495000000130271	-0.9858805453307643	-0.9858805453307643	0	42.57872144925468	86	2.0593815909245476	42.57872144925468	2.0593815909245476
OK	Task[1].Loop[1]/Subflow[34]	34	0.8495	0.8504999999999999	36	12	15	30	0.85	49.03878324597117	0.8505000000106988	-0.0011318619249562	0.0000000000121097	29.569994687729505	14.419965590000004	18	24	49.03878324597117	0.8505000000106988	-0.9915809933585589	-0.9915809933585589	0	42.824428323498886	86	2.071467527284258	42.824428323498886	2.071467527284258
OK	Task[1].Loop[1]/Subflow[35]	35	0.8505	0.8514999999999999	36	12	15	30	0.851	49.32934239529596	0.8514999281465112	-0.0011317805846193	-0.0000000813282272	29.807066903090263	14.419965590000004	18	24	49.32934239529596	0.8514999281465112	-0.9974603246709667	-0.9974603246709667	0	43.080407216555635	81	2.0829943677786416	43.080407216555635	2.0829943677786416
OK	Task[1].Loop[1]/Subflow[36]	36	0.8515	0.8524999999999999	36	12	15	30	0.852	49.62749865194588	0.8524999564455715	-0.0011318126152479	-0.0000000492975986	30.044545535230448	14.419965590000004	18	24	49.62749865194588	0.8524999564455715	-1.0034977865748262	-1.0034977865748262	0	43.34547189546381	81	2.0940249782926257	43.34547189546381	2.0940249782926257
OK	Task[1].Loop[1]/Subflow[37]	37	0.8525	0.8534999999999999	36	12	15	30	0.853	49.932204439856555	0.8534999803840246	-0.0011318397102712	-0.0000000222025753	30.282331068013495	14.419965590000004	18	24	49.932204439856555	0.8534999803840246	-1.009671631800633	-1.009671631800633	0	43.61840077757963	81	2.104617361463542	43.61840077757963	2.104617361463542
OK	Task[1].Loop[1]/Subflow[38]	38	0.8535	0.8544999999999999	36	12	15	30	0.854	50.24247523546661	0.8544999938799647	-0.0011318549858117	-0.0000000069270348	30.520350628611304	14.419965590000004	18	24	50.24247523546661	0.8544999938799647	-1.015961407017807	-1.015961407017807	0	43.89803765741569	81	2.1148287450390653	43.89803765741569	2.1148287450390653
OK	Task[1].Loop[1]/Subflow[39]	39	0.8545	0.8554999999999999	36	12	15	30	0.855	50.55736800277817	0.8554999989806393	-0.0011318607590711	-0.0000000011537754	30.75853689421335	14.419965590000004	18	24	50.55736800277817	0.8554999989806393	-1.0223475190600784	-1.0223475190600784	0	44.183274110289084	81	2.1247142590040395	44.183274110289084	2.1247142590040395
OK	Task[1].Loop[1]/Subflow[40]	40	0.8555	0.8564999999999999	36	12	15	30	0.856	50.87598303774417	0.8564999999858596	-0.0011318618968416	-0.0000000000160049	30.996826944259688	14.419965590000004	18	24	50.87598303774417	0.8564999999858596	-1.0288112741972557	-1.0288112741972557	0	44.47305217684836	81	2.134326655530148	44.47305217684836	2.134326655530148
OK	Task[1].Loop[1]/Subflow[41]	41	0.8565	0.8574999999999999	36	12	15	30	0.857	51.19746802650105	0.8575000064852607	-0.0011318692532662	0.0000000073404197	31.235163191064835	14.419965590000004	18	24	51.19746802650105	0.8575000064852607	-1.035334962008807	-1.035334962008807	0	44.76636889245665	81	2.1437161519275802	44.76636889245665	2.1437161519275802
OK	Task[1].Loop[1]/Subflow[42]	42	0.8575	0.8584999999999999	36	12	15	30	0.858	51.52101632580514	0.8585000200035093	-0.0011318845540569	0.0000000226412104	31.473490364527365	14.419965590000004	18	24	51.52101632580514	0.8585000200035093	-1.0419018217666338	-1.0419018217666338	0	45.06227541158889	81	2.152930149320528	45.06227541158889	2.152930149320528
OK	Task[1].Loop[1]/Subflow[43]	43	0.8585	0.8594999999999999	36	12	15	30	0.859	51.845868980835924	0.859500033941405	-0.0011319003298301	0.0000000384169836	31.711755631432897	14.419965590000004	18	24	51.845868980835924	0.859500033941405	-1.0484960843852702	-1.0484960843852702	0	45.359879394137145	81	2.16201310981194	45.359879394137145	2.16201310981194
OK	Task[1].Loop[1]/Subflow[44]	44	0.8595	0.8604999999999999	36	12	15	30	0.86	52.171320395627966	0.8605000458099539	-0.0011319137633886	0.0000000518505421	31.949911613572468	14.419965590000004	18	24	52.171320395627966	0.8605000458099539	-1.0551030883620114	-1.0551030883620114	0	45.6583506534379	81	2.171006563953628	45.6583506534379	2.171006563953628
OK	Task[1].Loop[1]/Subflow[45]	45	0.8605	0.8614999999999999	36	12	15	30	0.861	52.496718200809944	0.8615000527458987	-0.0011319216139204	0.0000000597010739	32.187915388814915	14.419965590000004	18	24	52.496718200809944	0.8615000527458987	-1.0617092777598287	-1.0617092777598287	0	45.95692139767518	81	2.1799489861881254	45.95692139767518	2.1799489861881254
OK	Task[1].Loop[1]/Subflow[46]	46	0.8615	0.8624999999999999	36	12	15	30	0.862	52.82146473270871	0.8625000532513902	-0.001131922186067	0.0000000602732205	32.42572894514036	14.419965590000004	18	24	52.82146473270871	0.8625000532513902	-1.068302232702707	-1.068302232702707	0	46.25488784048846	81	2.188875751016101	46.25488784048846	2.188875751016101
OK	Task[1].Loop[1]/Subflow[47]	47	0.8625	0.8634999999999999	36	12	15	30	0.863	53.1450177143986	0.8635000476134844	-0.0011319158047361	0.0000000538918896	32.66331929222814	14.419965590000004	18	24	53.1450177143986	0.8635000476134844	-1.0748706834962378	-1.0748706834962378	0	46.55161098551891	81	2.197819098496015	46.55161098551891	2.197819098496015
OK	Task[1].Loop[1]/Subflow[48]	48	0.8635	0.8644999999999999	36	12	15	30	0.864	53.46689039759759	0.8645000376996872	-0.0011319045836866	0.0000000426708401	32.90065840025881	14.419965590000004	18	24	53.46689039759759	0.8645000376996872	-1.0814045136425963	-1.0814045136425963	0	46.846516829488245	81	2.206808113849209	46.846516829488245	2.206808113849209
OK	Task[1].Loop[1]/Subflow[49]	49	0.8645	0.8654999999999999	36	12	15	30	0.865	53.786651243594754	0.8655000262287171	-0.0011318916001325	0.000000029687286	33.13772299390078	14.419965590000004	18	24	53.786651243594754	0.8655000262287171	-1.0878947533575432	-1.0878947533575432	0	47.13909606659981	81	2.2158687196373164	47.13909606659981	2.2158687196373164
OK	Task[1].Loop[1]/Subflow[50]	50	0.8655	0.8664999999999999	36	12	15	30	0.866	54.10392327738783	0.8665000157727987	-0.0011318797654767	0.0000000178526301	33.374494266835306	14.419965590000004	18	24	54.10392327738783	0.8665000157727987	-1.0943335663367542	-1.0943335663367542	0	47.42890342996818	81	2.225023679994254	47.42890342996818	2.225023679994254
OK	Task[1].Loop[1]/Subflow[51]	51	0.8665	0.8674999999999999	36	12	15	30	0.867	54.418383297591966	0.8675000079092425	-0.001131870865017	0.0000000089521705	33.61095761978556	14.419965590000004	18	24	54.418383297591966	0.8675000079092425	-1.100714233500059	-1.100714233500059	0	47.71555684970624	81	2.234292617905939	47.71555684970624	2.234292617905939
OK	Task[1].Loop[1]/Subflow[52]	52	0.8675	0.8684999999999999	36	12	15	30	0.868	54.729761119922166	0.868500002960789	-0.0011318652640509	0.0000000033512044	33.84710252887159	14.419965590000004	18	24	54.729761119922166	0.868500002960789	-1.107031137340955	-1.107031137340955	0	47.998736600341	81	2.2436920472281114	47.998736600341	2.2436920472281114
OK	Task[1].Loop[1]/Subflow[53]	53	0.8685	0.8694999999999999	36	12	15	30	0.869	55.037838925394915	0.8695000004704707	-0.0011318624453545	0.0000000005325079	34.082922580375964	14.419965590000004	18	24	55.037838925394915	0.8695000004704707	-1.1132797483384704	-1.1132797483384704	0	48.27818450977113	81	2.253235419103052	48.27818450977113	2.253235419103052
OK	Task[1].Loop[1]/Subflow[54]	54	0.8695	0.8704999999999999	36	12	15	30	0.87	55.34245786836255	0.8705000239825338	-0.0011318890577631	0.0000000271449166	34.31842122007535	14.419965590000004	18	24	55.34245786836255	0.8705000239825338	-1.1194567585134139	-1.1194567585134139	0	48.55370969707635	76	2.2629334120376567	48.55370969707635	2.2629334120376567
OK	Task[1].Loop[1]/Subflow[55]	55	0.8705	0.8714999999999999	36	12	15	30	0.871	55.643484282400784	0.8715000127937689	-0.0011318763936263	0.0000000144807798	34.553586189870344	14.419965590000004	18	24	55.643484282400784	0.8715000127937689	-1.1255593957619952	-1.1255593957619952	0	48.825157791419336	76	2.272792927554181	48.825157791419336	2.272792927554181
OK	Task[1].Loop[1]/Subflow[56]	56	0.8715	0.8724999999999999	36	12	15	30	0.872	55.940864274451776	0.8725000048639919	-0.0011318674182138	0.0000000055053673	34.78843250527138	14.419965590000004	18	24	55.940864274451776	0.8725000048639919	-1.1315865303798402	-1.1315865303798402	0	49.0924600260603	76	2.282818923586521	49.0924600260603	2.282818923586521
OK	Task[1].Loop[1]/Subflow[57]	57	0.8725	0.8734999999999999	36	12	15	30	0.873	56.2345811651087	0.8735000005774218	-0.0011318625664084	0.0000000006535618	35.022970285359335	14.419965590000004	18	24	56.2345811651087	0.8735000005774218	-1.1375378115411603	-1.1375378115411603	0	49.35559447069729	76	2.293013150445179	49.35559447069729	2.293013150445179
OK	Task[1].Loop[1]/Subflow[58]	58	0.8735	0.8744999999999999	36	12	15	30	0.874	56.5246664180163	0.8745000016396249	-0.0011318637686756	0.0000000018558291	35.257213841255066	14.419965590000004	18	24	56.5246664180163	0.8745000016396249	-1.1434138884820557	-1.1434138884820557	0	49.61459567745535	71	2.303374578628964	49.61459567745535	2.303374578628964
OK	Task[1].Loop[1]/Subflow[59]	59	0.8745	0.8755	36	12	15	30	0.875	56.81119560870537	0.8755000001782356	-0.0011318621145847	0.0000000002017381	35.49117905766146	14.419965590000004	18	24	56.81119560870537	0.8755000001782356	-1.1492163284082701	-1.1492163284082701	0	49.86955084523699	71	2.3138993336513947	49.86955084523699	2.3138993336513947
OK	Task[1].Loop[1]/Subflow[60]	60	0.8755000000000001	0.8765	36	12	15	30	0.876	57.094374710903715	0.876500287669215	-0.0011321875146745	0.000000325601828	35.72495550842353	14.419965590000004	18	24	57.094374710903715	0.876500287669215	-1.1549493628055545	-1.1549493628055545	0	50.12067602494292	51	2.324584056429134	50.12067602494292	2.324584056429134
OK	Task[1].Loop[1]/Subflow[61]	61	0.8765000000000001	0.8775	36	12	15	30	0.877	57.374187890820515	0.8775002088622879	-0.0011320983161152	0.0000002364032687	35.958415283758086	14.419965590000004	18	24	57.374187890820515	0.8775002088622879	-1.1606127571658587	-1.1606127571658587	0	50.36800390171927	66	2.3354125738581812	50.36800390171927	2.3354125738581812
OK	Task[1].Loop[1]/Subflow[62]	62	0.8775000000000001	0.8785	36	12	15	30	0.878	57.65091766777142	0.8785000001963479	-0.0011318621350853	0.0000000002222388	36.19164262118548	14.419965590000004	18	24	57.65091766777142	0.8785000001963479	-1.1662123416059325	-1.1662123416059325	0	50.61184498564992	71	2.3463755556114476	50.61184498564992	2.3463755556114476
OK	Task[1].Loop[1]/Subflow[63]	63	0.8785000000000001	0.8795	36	12	15	30	0.879	57.92491573301039	0.8795000004627964	-0.0011318624366682	0.0000000005238217	36.42474905313502	14.419965590000004	18	24	57.92491573301039	0.8795000004627964	-1.1717553684070103	-1.1717553684070103	0	50.852582945224434	71	2.3574623425288648	50.852582945224434	2.3574623425288648
OK	Task[1].Loop[1]/Subflow[64]	64	0.8795000000000001	0.8805	36	12	15	30	0.88	58.196431677667654	0.8805000204115618	-0.001131885015916	0.0000000231030695	36.657726593925446	14.419965590000004	18	24	58.196431677667654	0.8805000204115618	-1.1772470478534034	-1.1772470478534034	0	51.09052450639003	71	2.368653889526885	51.09052450639003	2.368653889526885
OK	Task[1].Loop[1]/Subflow[65]	65	0.8805000000000001	0.8815	36	12	15	30	0.881	58.465795726046856	0.8815000000235449	-0.0011318619394961	0.0000000000266496	36.89060113034533	14.419965590000004	18	24	58.465795726046856	0.8815000000235449	-1.1826942461868155	-1.1826942461868155	0	51.326060671584194	76	2.379929937069025	51.326060671584194	2.379929937069025
OK	Task[1].Loop[1]/Subflow[66]	66	0.8815000000000001	0.8825	36	12	15	30	0.882	58.733414962545915	0.8825000000003238	-0.0011318619132131	0.0000000000003666	37.12343038508683	14.419965590000004	18	24	58.733414962545915	0.8825000000003238	-1.1881054086410452	-1.1881054086410452	0	51.559663059731086	76	2.3912689734844745	51.559663059731086	2.3912689734844745
OK	Task[1].Loop[1]/Subflow[67]	67	0.8825000000000001	0.8835	36	12	15	30	0.883	58.99971915029358	0.8834999997545503	-0.0011318616350314	-0.0000000002778151	37.356256929154156	14.419965590000004	18	24	58.99971915029358	0.8834999997545503	-1.1934894639254183	-1.1934894639254183	0	51.79183661758227	76	2.4026459373714912	51.79183661758227	2.4026459373714912
OK	Task[1].Loop[1]/Subflow[68]	68	0.8835000000000001	0.8845	36	12	15	30	0.884	59.26538334911914	0.8845007321192271	-0.0011326905707154	0.0000008286578689	37.58930269048878	14.419965590000004	18	24	59.26538334911914	0.8845007321192271	-1.1988603254189285	-1.1988603254189285	0	52.02331390874726	76	2.4140416606564683	52.02331390874726	2.4140416606564683
OK	Task[1].Loop[1]/Subflow[69]	69	0.8845000000000001	0.8855	36	12	15	30	0.885	59.530401339375324	0.8855001863761911	-0.0011320728649587	0.0000002109521122	37.822154591603244	14.419965590000004	18	24	59.530401339375324	0.8855001863761911	-1.204218159517768	-1.204218159517768	0	52.25424814742612	76	2.4254029983171703	52.25424814742612	2.4254029983171703
OK	Task[1].Loop[1]/Subflow[70]	70	0.8855000000000001	0.8865	36	12	15	30	0.886	59.79600690838391	0.8865008452987719	-0.0011328186743315	0.000000956761485	38.05545048736778	14.419965590000004	18	24	59.79600690838391	0.8865008452987719	-1.209588228729008	-1.209588228729008	0	52.485887767957614	76	2.436725067977963	52.485887767957614	2.436725067977963
OK	Task[1].Loop[1]/Subflow[71]	71	0.8865000000000001	0.8875	36	12	15	30	0.887	60.06210443990802	0.8874999997824913	-0.0011318616666567	-0.0000000002461898	38.288622323088305	14.419965590000004	18	24	60.06210443990802	0.8874999997824913	-1.2149689452182164	-1.2149689452182164	0	52.7183369127986	81	2.447941282894564	52.7183369127986	2.447941282894564
OK	Task[1].Loop[1]/Subflow[72]	72	0.8875000000000001	0.8885	36	12	15	30	0.888	60.32999445158851	0.8884999995058314	-0.0011318613535159	-0.0000000005593306	38.52228643717307	14.419965590000004	18	24	60.32999445158851	0.8884999995058314	-1.2203869788516306	-1.2203869788516306	0	52.95293381166905	81	2.4590390722783892	52.95293381166905	2.4590390722783892
OK	Task[1].Loop[1]/Subflow[73]	73	0.8885000000000001	0.8895	36	12	15	30	0.889	60.600182481511304	0.8894999990696391	-0.0011318608598064	-0.0000000010530401	38.75631871996905	14.419965590000004	18	24	60.600182481511304	0.8894999990696391	-1.225852955925203	-1.225852955925203	0	53.19033939287649	81	2.4699666389933297	53.19033939287649	2.4699666389933297
OK	Task[1].Loop[1]/Subflow[74]	74	0.8895000000000001	0.8905	36	12	15	30	0.89	60.87345619550468	0.8904999984646853	-0.0011318601750823	-0.0000000017377642	38.99079738757404	14.419965590000004	18	24	60.87345619550468	0.8904999984646853	-1.2313832394015127	-1.2313832394015127	0	53.43147830788873	81	2.48067832080807	53.43147830788873	2.48067832080807
OK	Task[1].Loop[1]/Subflow[75]	75	0.8905000000000001	0.8915	36	12	15	30	0.891	61.15066450536177	0.8914999977416203	-0.0011318593566725	-0.000000002556174	39.225806189801844	14.419965590000004	18	24	61.15066450536177	0.8914999977416203	-1.2369954649539285	-1.2369954649539285	0	53.6773473161493	81	2.4911248347931148	53.6773473161493	2.4911248347931148
OK	Task[1].Loop[1]/Subflow[76]	76	0.8915000000000001	0.8925	36	12	15	30	0.892	61.432722059183	0.892499997069023	-0.0011318585953854	-0.0000000033174611	39.46143486551622	14.419965590000004	18	24	61.432722059183	0.892499997069023	-1.2427086342664984	-1.2427086342664984	0	53.929020565896074	81	2.501253013830623	53.929020565896074	2.501253013830623
OK	Task[1].Loop[1]/Subflow[77]	77	0.8925000000000001	0.8935	36	12	15	30	0.893	61.72061453416871	0.8934999968048167	-0.0011318582963403	-0.0000000036165062	39.69777967600384	14.419965590000004	18	24	61.72061453416871	0.8934999968048167	-1.2485432250056212	-1.2485432250056212	0	54.18765581787331	81	2.5110054962987958	54.18765581787331	2.5110054962987958
OK	Task[1].Loop[1]/Subflow[78]	78	0.8935000000000001	0.8945	36	12	15	30	0.894	62.01540483923453	0.8944999975190795	-0.0011318591047871	-0.0000000028080594	39.9349440135909	14.419965590000004	18	24	62.01540483923453	0.8944999975190795	-1.254521319703871	-1.254521319703871	0	54.454501743371814	81	2.5203203609302447	54.454501743371814	2.5203203609302447
OK	Task[1].Loop[1]/Subflow[79]	79	0.8945000000000001	0.8955	36	12	15	30	0.895	62.31824021795172	0.8954999994513047	-0.0011318612917992	-0.0000000006210473	40.1730389762249	14.419965590000004	18	24	62.31824021795172	0.8954999994513047	-1.2606667534346006	-1.2606667534346006	0	54.730906326648004	81	2.5291306936515836	54.730906326648004	2.5291306936515836
OK	Task[1].Loop[1]/Subflow[80]	80	0.8955000000000001	0.8965	36	12	15	30	0.896	62.630355970145395	0.8964999874466648	-0.0011318477042046	-0.0000000142086419	40.4121805757757	14.419965590000004	18	24	62.630355970145395	0.8964999874466648	-1.2670051933585373	-1.2670051933585373	0	55.01832244691152	76	2.5373639674441817	55.01832244691152	2.5373639674441817
OK	Task[1].Loop[1]/Subflow[81]	81	0.8965000000000001	0.8975	36	12	15	30	0.897	62.95310708269938	0.8974999994828994	-0.0011318613275601	-0.0000000005852865	40.652507113949085	14.419965590000004	18	24	62.95310708269938	0.8974999994828994	-1.2735647859124113	-1.2735647859124113	0	55.31833962924522	76	2.544942002309088	55.31833962924522	2.544942002309088
OK	Task[1].Loop[1]/Subflow[82]	82	0.8975000000000001	0.8985	36	12	15	30	0.898	63.28794222848604	0.8985000067873257	-0.001131869595162	0.0000000076823155	40.89415160107193	14.419965590000004	18	24	63.28794222848604	0.8985000067873257	-1.2803756341539678	-1.2803756341539678	0	55.632663019386676	76	2.551779306634134	55.632663019386676	2.551779306634134
OK	Task[1].Loop[1]/Subflow[83]	83	0.8985000000000001	0.8995	36	12	15	30	0.899	63.63644947206843	0.8995000152710455	-0.0011318791975613	0.0000000172847148	41.13726735917915	14.419965590000004	18	24	63.63644947206843	0.8995000152710455	-1.287470732574316	-1.287470732574316	0	55.96315906825637	76	2.5577830842578946	55.96315906825637	2.5577830842578946
OK	Task[1].Loop[1]/Subflow[84]	84	0.8995000000000001	0.9005	36	12	15	30	0.9	64.00035934803043	0.900500023524009	-0.0011318885387764	0.0000000266259299	41.382019517973035	14.419965590000004	18	24	64.00035934803043	0.900500023524009	-1.2948860372378943	-1.2948860372378943	0	56.311862507278214	76	2.562851935455316	56.311862507278214	2.562851935455316
OK	Task[1].Loop[1]/Subflow[85]	85	0.9005000000000001	0.9015	36	12	15	30	0.901	64.38156605106872	0.9015000287263222	-0.0011318944270765	0.00000003251423	41.628588269422885	14.419965590000004	18	24	64.38156605106872	0.9015000287263222	-1.3026609052245444	-1.3026609052245444	0	56.681000810653835	76	2.566874766204651	56.681000810653835	2.566874766204651
OK	Task[1].Loop[1]/Subflow[86]	86	0.9015000000000001	0.9025	36	12	15	30	0.902	64.78215014751515	0.9025000258635627	-0.0011318911868281	0.0000000292739816	41.87717086038811	14.419965590000004	18	24	64.78215014751515	0.9025000258635627	-1.3108385666689355	-1.3108385666689355	0	57.07302098188236	76	2.5697294298496187	57.07302098188236	2.5697294298496187
OK	Task[1].Loop[1]/Subflow[87]	87	0.9025000000000001	0.9035	36	12	15	30	0.903	65.20440575866644	0.9035000069081092	-0.0011318697318722	0.0000000078190257	42.12798399927063	14.419965590000004	18	24	65.20440575866644	0.9035000069081092	-1.319466689724484	-1.319466689724484	0	57.49062160453129	76	2.5712811045956157	57.49062160453129	2.5712811045956157
OK	Task[1].Loop[1]/Subflow[88]	88	0.9035000000000001	0.9045	36	12	15	30	0.904	65.65087368165462	0.9044999607988311	-0.0011318175425365	-0.00000004437031	42.3812669909161	14.419965590000004	18	24	65.65087368165462	0.9044999607988311	-1.328598068787143	-1.328598068787143	0	57.93679181623681	76	2.571380342466088	57.93679181623681	2.571380342466088
OK	Task[1].Loop[1]/Subflow[89]	89	0.9045000000000001	0.9055	36	12	15	30	0.905	66.12444348417205	0.9055000001198108	-0.0011318620484558	0.0000000001356093	42.637318171266756	14.419965590000004	18	24	66.12444348417205	0.9055000001198108	-1.3382927274839773	-1.3382927274839773	0	58.414921424865746	81	2.5698603954536194	58.414921424865746	2.5698603954536194
OK	Task[1].Loop[1]/Subflow[90]	90	0.9055000000000001	0.9065	36	12	15	30	0.906	66.63746446563769	0.9065000067519113	-0.0011318695550778	0.0000000076422313	43.2	14.419965590000004	17.749309246940083	24	66.63746446563769	0.9065000067519113	-1.349062906200229	-1.349062906200229	0	59.078353086884725	91	2.5197231174189225	59.078353086884725	2.5197231174189225
OK	Task[1].Loop[1]/Subflow[91]	91	0.9065000000000001	0.9075	36	12	15	30	0.907	67.16995732499217	0.9074999996005635	-0.0011318614607396	-0.0000000004521069	43.2	14.419965590000004	17.96668389048705	24	67.16995732499217	0.9074999996005635	-1.3597640548867775	-1.3597640548867775	0	59.507506682991355	81	2.5541698027186355	59.507506682991355	2.5541698027186355
OK	Task[1].Loop[1]/Subflow[92]	92	0.9075000000000001	0.9085	36	12	15	30	0.908	67.30044458041151	0.9085004398699805	-0.0011323597849241	0.0000004978720776	43.2	14.419965590000004	18	24.227046722851124	67.30044458041151	0.9085004398699805	-1.3623886011053286	-1.3623886011053286	0	59.613882750105915	71	2.5622069271366756	59.613882750105915	2.5622069271366756
OK	Task[1].Loop[1]/Subflow[93]	93	0.9085000000000001	0.9095	36	12	15	30	0.909	67.35501377318248	0.9095003802367362	-0.0011322922883261	0.0000004303754796	43.2	14.419965590000004	18	24.494540163616872	67.35501377318248	0.9095003802367362	-1.3634903979828747	-1.3634903979828747	0	59.660662026180546	71	2.5648035859549534	59.660662026180546	2.5648035859549534
OK	Task[1].Loop[1]/Subflow[94]	94	0.9095000000000001	0.9105	36	12	15	30	0.91	67.40764031656857	0.9105001942282744	-0.0011320817524328	0.0000002198395863	43.2	14.419965590000004	18	24.760845304981764	67.40764031656857	0.9105001942282744	-1.3645514927205056	-1.3645514927205056	0	59.70497315762967	71	2.567575411195137	59.70497315762967	2.567575411195137
OK	Task[1].Loop[1]/Subflow[95]	95	0.9105000000000001	0.9115	36	12	15	30	0.911	67.45852127679984	0.9115002628933179	-0.0011321594717802	0.0000002975589337	43.2	14.419965590000004	18	25.026174416023743	67.45852127679984	0.9115002628933179	-1.3655760301259092	-1.3655760301259092	0	59.747075152591094	66	2.570501755396351	59.747075152591094	2.570501755396351
OK	Task[1].Loop[1]/Subflow[96]	96	0.9115000000000001	0.9125	36	12	15	30	0.912	67.5078005503538	0.9125001596030129	-0.001132042561418	0.0000001806485715	43.2	14.419965590000004	18	25.29051693425989	67.5078005503538	0.9125001596030129	-1.3665670717590688	-1.3665670717590688	0	59.78717616876625	66	2.573561197986248	59.78717616876625	2.573561197986248
OK	Task[1].Loop[1]/Subflow[97]	97	0.9125000000000001	0.9135	36	12	15	30	0.913	67.55564467326664	0.9135001053085077	-0.0011319811075355	0.000000119194689	43.2	14.419965590000004	18	25.554026675919392	67.55564467326664	0.9135001053085077	-1.3675281240515855	-1.3675281240515855	0	59.82549712527879	66	2.5767356111319994	59.82549712527879	2.5767356111319994
OK	Task[1].Loop[1]/Subflow[98]	98	0.9135000000000001	0.9145	36	12	15	30	0.914	67.60221810831939	0.9145005104568953	-0.0011324396795645	0.0000005777667179	43.2	14.419965590000004	18	25.816899530390817	67.60221810831939	0.9145005104568953	-1.368462639840794	-1.368462639840794	0	59.862250792514416	66	2.580008892172757	59.862250792514416	2.580008892172757
OK	Task[1].Loop[1]/Subflow[99]	99	0.9145000000000001	0.9155	36	12	15	30	0.915	67.64760228107903	0.9155001686944194	-0.0011320528516348	0.0000001909387883	43.2	14.419965590000004	18	26.078900709553128	67.64760228107903	0.9155001686944194	-1.3693723965239968	-1.3693723965239968	0	59.897579381714536	72	2.583360779062356	59.897579381714536	2.583360779062356
OK	Task[1].Loop[1]/Subflow[100]	100	0.9155000000000001	0.9165	36	12	15	30	0.916	67.69197556187585	0.9165001515488985	-0.0011320334452727	0.0000001715324262	43.2	14.419965590000004	18	26.340387397628337	67.69197556187585	0.9165001515488985	-1.3702611065964518	-1.3702611065964518	0	59.93169610247452	72	2.5867796586235703	59.93169610247452	2.5867796586235703
OK	Task[1].Loop[1]/Subflow[101]	101	0.9165000000000001	0.9175	36	12	15	30	0.917	67.73544361116309	0.917500111665963	-0.001131988303297	0.0000001263904505	43.2	14.419965590000004	18	26.60133882921551	67.73544361116309	0.917500111665963	-1.3711310155323229	-1.3711310155323229	0	59.964752404834144	72	2.590250267544164	59.964752404834144	2.590250267544164
OK	Task[1].Loop[1]/Subflow[102]	102	0.9175000000000001	0.9185	36	12	15	30	0.918	67.77812274912588	0.9185000877931073	-0.0011319612825209	0.0000000993696744	43.2	14.419965590000004	18	26.861830216065922	67.77812274912588	0.9185000877931073	-1.3719845742534407	-1.3719845742534407	0	59.99690356562644	72	2.5937596201757205	59.99690356562644	2.5937596201757205
OK	Task[1].Loop[1]/Subflow[103]	103	0.9185000000000001	0.9195	36	12	15	30	0.919	67.82012064180816	0.9195000690268581	-0.0011319400417182	0.0000000781288717	43.2	14.419965590000004	18	27.121918832919334	67.82012064180816	0.9195000690268581	-1.372824052449314	-1.372824052449314	0	60.02829391441153	86	2.5972954952514082	60.02829391441153	2.5972954952514082
OK	Task[1].Loop[1]/Subflow[104]	104	0.9195000000000001	0.9205	36	12	15	30	0.92	67.86153870461156	0.9205000394901074	-0.001131906610195	0.0000000446973485	43.2	14.419965590000004	18	27.38165595988967	67.86153870461156	0.9205000394901074	-1.3736515871421522	-1.3736515871421522	0	60.059058913643334	87	2.600846543666913	60.059058913643334	2.600846543666913
OK	Task[1].Loop[1]/Subflow[105]	105	0.9205000000000001	0.9215	36	12	15	30	0.921	67.90247330871617	0.92149999965267	-0.001131861519717	-0.0000000003931295	43.2	14.419965590000004	18	27.641092618582743	67.90247330871617	0.92149999965267	-1.374469207142455	-1.374469207142455	0	60.08932624552192	86	2.60440232833664	60.08932624552192	2.60440232833664
OK	Task[1].Loop[1]/Subflow[106]	106	0.9215000000000001	0.9225	36	12	15	30	0.922	67.94301765466838	0.9225000066161049	-0.0011318694013636	0.0000000074885171	43.2	14.419965590000004	18	27.900290157769962	67.94301765466838	0.9225000066161049	-1.3752788707485641	-1.3752788707485641	0	60.119217347666435	100	2.6079534368290807	60.119217347666435	2.6079534368290807
OK	Task[1].Loop[1]/Subflow[107]	107	0.9225000000000001	0.9235	36	12	15	30	0.923	67.9832550039188	0.9235000010814479	-0.0011318631368962	0.0000000012240497	43.2	14.419965590000004	18	28.159275549357528	67.9832550039188	0.9235000010814479	-1.3760823308478467	-1.3760823308478467	0	60.14884256767514	95	2.6114908403618973	60.14884256767514	2.6114908403618973
OK	Task[1].Loop[1]/Subflow[108]	108	0.9235000000000001	0.9245	36	12	15	30	0.924	68.02326862022929	0.9245000472975708	-0.0011319154471655	0.000000053534319	43.2	14.419965590000004	18	28.418103704398977	68.02326862022929	0.9245000472975708	-1.3768813336683587	-1.3768813336683587	0	60.178308613701226	87	2.615006724076463	60.178308613701226	2.615006724076463
OK	Task[1].Loop[1]/Subflow[109]	109	0.9245000000000001	0.9255	36	12	15	30	0.925	68.06313006516116	0.9255000376373078	-0.0011319045130817	0.0000000426002352	43.2	14.419965590000004	18	28.6767810734228	68.06313006516116	0.9255000376373078	-1.3776773852165998	-1.3776773852165998	0	60.20771002031634	75	2.618493430242533	60.20771002031634	2.618493430242533
OK	Task[1].Loop[1]/Subflow[110]	110	0.9255000000000001	0.9265	36	12	15	30	0.926	68.10291233164999	0.9265000172201853	-0.0011318814037184	0.0000000194908718	43.2	14.419965590000004	18	28.93534974852274	68.10291233164999	0.9265000172201853	-1.3784720136608686	-1.3784720136608686	0	60.23713888989068	75	2.6219445890016404	60.23713888989068	2.6219445890016404
OK	Task[1].Loop[1]/Subflow[111]	111	0.9265000000000001	0.9275	36	12	15	30	0.927	68.14268272974829	0.9275000036781668	-0.0011318660760234	0.0000000041631769	43.2	14.419965590000004	18	29.1938408619985	68.14268272974829	0.9275000036781668	-1.37926662739135	-1.37926662739135	0	60.2666797185398	75	2.6253544716229626	60.2666797185398	2.6253544716229626
OK	Task[1].Loop[1]/Subflow[112]	112	0.9275000000000001	0.9285	36	12	15	30	0.928	68.18250349611597	0.9284999997746116	-0.001131861657738	-0.0000000002551085	43.2	14.419965590000004	18	29.452277912893923	68.18250349611597	0.9284999997746116	-1.3800625272630906	-1.3800625272630906	0	60.296409884320205	75	2.628718030933631	60.296409884320205	2.628718030933631
OK	Task[1].Loop[1]/Subflow[113]	113	0.9285000000000001	0.9295	36	12	15	30	0.929	68.22243212239586	0.9294999999782803	-0.0011318618882628	-0.0000000000245837	43.2	14.419965590000004	18	29.71067850625327	68.22243212239586	0.9294999999782803	-1.3808609131939427	-1.3808609131939427	0	60.326399911245545	75	2.6320309227786476	60.326399911245545	2.6320309227786476
OK	Task[1].Loop[1]/Subflow[114]	114	0.9295000000000001	0.9305	36	12	15	30	0.93	68.26252187935434	0.9305000025490147	-0.0011318647979791	0.0000000028851326	43.2	14.419965590000004	18	29.969057500875458	68.26252187935434	0.9305000025490147	-1.381662894662895	-1.381662894662895	0	60.35671387269848	70	2.635289546255855	60.35671387269848	2.635289546255855
OK	Task[1].Loop[1]/Subflow[115]	115	0.9305000000000001	0.9315	36	12	15	30	0.931	68.3028214833084	0.9315000005761243	-0.0011318625649396	0.0000000006520931	43.2	14.419965590000004	18	30.227424708651206	68.3028214833084	0.9315000005761243	-1.382469484045201	-1.382469484045201	0	60.38740914364498	70	2.638491015130665	60.38740914364498	2.638491015130665
OK	Task[1].Loop[1]/Subflow[116]	116	0.9315000000000001	0.9325	36	12	15	30	0.932	68.3433758269534	0.932499999845881	-0.001131861738405	-0.0000000001744415	43.2	14.419965590000004	18	30.485789519601866	68.3433758269534	0.932499999845881	-1.38328161123228	-1.38328161123228	0	60.41853695318935	70	2.641633217247005	60.41853695318935	2.641633217247005
OK	Task[1].Loop[1]/Subflow[117]	117	0.9325000000000001	0.9335	36	12	15	30	0.933	68.38422521446726	0.9334999998103469	-0.0011318616981854	-0.0000000002146611	43.2	14.419965590000004	18	30.744155988803563	68.38422521446726	0.9334999998103469	-1.3841001083103757	-1.3841001083103757	0	60.45014179544101	70	2.644714755953099	60.45014179544101	2.644714755953099
OK	Task[1].Loop[1]/Subflow[118]	118	0.9335000000000001	0.9345	36	12	15	30	0.934	68.42540560576873	0.9345000000156658	-0.001131861930578	0.0000000000177315	43.2	14.419965590000004	18	31.002524498349842	68.42540560576873	0.9345000000156658	-1.3849257144177782	-1.3849257144177782	0	60.48226159839167	83	2.6477349752170127	60.48226159839167	2.6477349752170127
OK	Task[1].Loop[1]/Subflow[119]	119	0.9345000000000001	0.9355	36	12	15	30	0.935	68.46694859170495	0.9355000000295719	-0.0011318619463178	0.0000000000334713	43.2	14.419965590000004	18	31.260891738461638	68.46694859170495	0.9355000000295719	-1.385759075214552	-1.385759075214552	0	60.5149276867701	83	2.650693963748953	60.5149276867701	2.650693963748953
OK	Task[1].Loop[1]/Subflow[120]	120	0.9355000000000001	0.9365	36	12	15	30	0.936	68.50888139839896	0.936500000223387	-0.0011318621656897	0.0000000002528432	43.2	14.419965590000004	18	31.519250910064912	68.50888139839896	0.936500000223387	-1.3866007429351193	-1.3866007429351193	0	60.54816476662574	61	2.6535925615773834	60.54816476662574	2.6535925615773834
OK	Task[1].Loop[1]/Subflow[121]	121	0.9365000000000001	0.9375	36	12	15	30	0.937	68.5512267795786	0.9374999999833581	-0.0011318618940102	-0.0000000000188363	43.2	14.419965590000004	18	31.77759126573686	68.5512267795786	0.9374999999833581	-1.3874511741932836	-1.3874511741932836	0	60.581990821647025	61	2.656432358729165	60.581990821647025	2.656432358729165
OK	Task[1].Loop[1]/Subflow[122]	122	0.9375000000000001	0.9385	36	12	15	30	0.9380000000000001	68.59400306228684	0.9384999996468824	-0.0011318615131661	-0.0000000003996804	43.2	14.419965590000004	18	32.035898617390714	68.59400306228684	0.9384999996468824	-1.3883107308686047	-1.3883107308686047	0	60.61641713247784	61	2.659215704020661	60.61641713247784	2.659215704020661
OK	Task[1].Loop[1]/Subflow[123]	123	0.9385000000000001	0.9395	36	12	15	30	0.9390000000000001	68.63722407313024	0.9394999995762361	-0.0011318614332043	-0.0000000004796422	43.2	14.419965590000004	18	32.29415511055501	68.63722407313024	0.9394999995762361	-1.3891796786020352	-1.3891796786020352	0	60.65144820522457	61	2.661945704310563	60.65144820522457	2.661945704310563
OK	Task[1].Loop[1]/Subflow[124]	124	0.9395000000000001	0.9405	36	12	15	30	0.9400000000000001	68.68089909735309	0.940499999983225	-0.0011318618938595	-0.000000000018987	43.2	14.419965590000004	18	32.55233920069209	68.68089909735309	0.940499999983225	-1.3900581859586618	-1.3900581859586618	0	60.687081730424566	61	2.664626224531121	60.687081730424566	2.664626224531121
OK	Task[1].Loop[1]/Subflow[125]	125	0.9405000000000001	0.9415	36	12	15	30	0.9410000000000001	68.72503279594852	0.941499999717871	-0.0011318615935155	-0.0000000003193311	43.2	14.419965590000004	18	32.810425372073695	68.72503279594852	0.941499999717871	-1.3909463227573688	-1.3909463227573688	0	60.723308513759235	56	2.6672618831536923	60.723308513759235	2.6672618831536923
OK	Task[1].Loop[1]/Subflow[126]	126	0.9415000000000001	0.9425	36	12	15	30	0.9420000000000001	68.76962529127186	0.9424999987383892	-0.0011318604848773	-0.0000000014279692	43.2	14.419965590000004	18	33.06838481856812	68.76962529127186	0.9424999987383892	-1.3918440618057046	-1.3918440618057046	0	60.7601125528557	56	2.6698580551299624	60.7601125528557	2.6698580551299624
OK	Task[1].Loop[1]/Subflow[127]	127	0.9425000000000001	0.9435	36	12	15	30	0.9430000000000001	68.81467220573276	0.9434999991923253	-0.0011318609986703	-0.0000000009141762	43.2	14.419965590000004	18	33.32618577768649	68.81467220573276	0.9434999991923253	-1.3927512797122872	-1.3927512797122872	0	60.79747108738114	56	2.67242086808859	60.79747108738114	2.67242086808859
OK	Task[1].Loop[1]/Subflow[128]	128	0.9435000000000001	0.9445	36	12	15	30	0.9440000000000001	68.86016345242774	0.944499978883991	-0.0011318380124401	-0.0000000239004064	43.2	14.419965590000004	18	33.58378676688072	68.86016345242774	0.944499978883991	-1.3936677325736833	-1.3936677325736833	0	60.83535361932732	51	2.674957125782214	60.83535361932732	2.674957125782214
OK	Task[1].Loop[1]/Subflow[129]	129	0.9445000000000001	0.9455	36	12	15	30	0.9450000000000001	68.90608810941623	0.9454999977881473	-0.0011318594093347	-0.0000000025035118	43.2	14.419965590000004	18	33.84116410002125	68.90608810941623	0.9454999977881473	-1.3945931542525425	-1.3945931542525425	0	60.87372601681362	51	2.677474564918173	60.87372601681362	2.677474564918173
OK	Task[1].Loop[1]/Subflow[130]	130	0.9455000000000001	0.9465	36	12	15	30	0.9460000000000001	68.95242538506713	0.9464999996574988	-0.0011318615251824	-0.0000000003876641	43.2	14.419965590000004	18	34.09826090263507	68.95242538506713	0.9464999996574988	-1.395527074444126	-1.395527074444126	0	60.91254303175269	51	2.6799813377106823	60.91254303175269	2.6799813377106823
OK	Task[1].Loop[1]/Subflow[131]	131	0.9465000000000001	0.9475	36	12	15	30	0.9470000000000001	68.99915311314928	0.947499997106847	-0.0011318586381968	-0.0000000032746497	43.2	14.419965590000004	18	34.355034899147526	68.99915311314928	0.947499997106847	-1.3964689899582905	-1.3964689899582905	0	60.95175545144582	46	2.682486459717616	60.95175545144582	2.682486459717616
OK	Task[1].Loop[1]/Subflow[132]	132	0.9475000000000001	0.9485	36	12	15	30	0.9480000000000001	69.04624454764183	0.9484999995719635	-0.0011318614283683	-0.0000000004844782	43.2	14.419965590000004	18	34.611439987314014	69.04624454764183	0.9484999995719635	-1.3974183003014904	-1.3974183003014904	0	60.99130751244759	46	2.6849996034891213	60.99130751244759	2.6849996034891213
OK	Task[1].Loop[1]/Subflow[133]	133	0.9485000000000001	0.9495	36	12	15	30	0.9490000000000001	69.093667758762	0.9494999989887567	-0.0011318607682587	-0.0000000011445878	43.2	14.419965590000004	18	34.867422736640975	69.093667758762	0.9494999989887567	-1.398374295674837	-1.398374295674837	0	61.03113648747065	41	2.687531034937228	61.03113648747065	2.687531034937228
OK	Task[1].Loop[1]/Subflow[134]	134	0.9495000000000001	0.9505	36	12	15	30	0.9500000000000001	69.14138564038944	0.9504999682672614	-0.0011318259957682	-0.0000000359170783	43.2	14.419965590000004	18	35.12292221740056	69.14138564038944	0.9504999682672614	-1.3993361573371188	-1.3993361573371188	0	61.07117280748919	36	2.6900915751150567	61.07117280748919	2.6900915751150567
OK	Task[1].Loop[1]/Subflow[135]	135	0.9505000000000001	0.9515	36	12	15	30	0.9510000000000001	69.18936258668893	0.95149999779922	-0.0011318594218674	-0.0000000024909791	43.2	14.419965590000004	18	35.37790502456272	69.18936258668893	0.95149999779922	-1.4003030924176578	-1.4003030924176578	0	61.11134578869367	36	2.692692916771204	61.11134578869367	2.692692916771204
OK	Task[1].Loop[1]/Subflow[136]	136	0.9515000000000001	0.9525	36	12	15	30	0.9520000000000001	69.23755770764603	0.9525001491592044	-0.001132030740469	0.0000001688276224	43.2	14.419965590000004	18	35.63232797715092	69.23755770764603	0.9525001491592044	-1.4012741973708742	-1.4012741973708742	0	61.15157805462282	36	2.695347222145978	61.15157805462282	2.695347222145978
