Config	A	B	C	D	MeanLoad	MeanMass	ReliableLoad	SDLoad
1	28.8	12.14852514	12	24	38.67372328	0.817500355	32.95063103	1.745394834
1	30.13294935	14.41996559	12	24	41.5484217	0.827499962	35.69746027	1.830640952
1	28.8	14.41996559	15.72898059	24	44.7157706	0.837500001	38.72435384	1.924277841
1	28.86180915	14.41996559	18	24	48.22304844	0.847499982	42.06812197	2.033284313
1	31.23516319	14.41996559	18	24	51.19746803	0.857500006	44.8768938	2.143716152
1	33.61095761	14.41996559	18	24	54.41838329	0.867500008	47.96194436	2.234292618
1	35.95841434	14.41996559	18	24	57.37418677	0.877500205	50.76606798	2.33541253
1	38.28862232	14.41996559	18	24	60.06210444	0.8875	53.28519252	2.447941283
1	40.65250712	14.41996559	18	24	62.95310708	0.897499999	56.03069408	2.544942002
1	43.2	14.41996559	17.96668389	24	67.16995732	0.9075	60.23370262	2.554169803
1	43.2	14.41996559	18	26.60133876	67.7354436	0.917500111	60.7450682	2.590250267
1	43.2	14.41996559	18	29.19384078	68.14268272	0.927500003	61.09965101	2.625354471
1	43.2	14.41996559	18	31.77759127	68.55122678	0.9375	61.46157824	2.656432359
1	43.2	14.41996559	18	34.3550349	68.99915311	0.947499997	61.87042342	2.68248646
2	28.8	12.14842187	12	24	38.67364695	0.81750016	32.95055897	1.745391987
2	28.8	14.41996559	13.36699355	24	41.71721198	0.827500016	35.88904111	1.815447249
2	28.8	14.41996559	15.72898059	24	44.71577061	0.837500001	38.72435384	1.924277841
2	28.8618133	14.41996559	18	24	48.22305296	0.8475	42.06812613	2.033284556
2	31.23516319	14.41996559	18	24	51.19746802	0.857500006	44.8768938	2.143716152
2	33.61095859	14.41996559	18	24	54.41838458	0.867500012	47.96194559	2.234292656
2	35.95836659	14.41996559	18	24	57.37412983	0.8775	50.76601438	2.3354103
2	38.28862051	14.41996559	18	24	60.06210236	0.887499992	53.28519057	2.447941196
2	40.65250729	14.41996559	18	24	62.95310732	0.8975	56.03069431	2.544942008
2	43.2	14.41996559	17.96668388	24	67.16995729	0.9075	60.23370259	2.5541698
2	43.2	14.41996559	18	26.60132751	67.73544174	0.917500068	60.74506657	2.590250116
2	43.2	14.41996559	18	29.19383987	68.14268258	0.9275	61.09965089	2.625354459
2	43.2	14.41996559	18	31.7775916	68.55122683	0.937500001	61.46157829	2.656432362
2	43.2	14.41996559	18	34.35503505	68.99915314	0.947499998	61.87042345	2.682486461
3	28.8	12.14852507	12	24	38.67372323	0.817500355	32.95063098	1.745394832
3	28.8	14.41996559	13.3669905	24	41.71720853	0.827500003	35.88903796	1.815447049
3	31.87621328	14.41996559	12.67653706	24	44.03818579	0.837500824	38.10215228	1.887355671
3	28.8618133	14.41996559	18	24	48.22305296	0.8475	42.06812612	2.033284556
3	31.55040192	14.41996559	17.7099101	24	51.09281018	0.85750009	44.81369926	2.116073943
3	33.67632054	14.41996559	17.94032062	24	54.38673669	0.867500668	47.9407831	2.227302393
3	35.95836656	14.41996559	18	24	57.37412979	0.8775	50.76601434	2.335410298
3	38.28862221	14.41996559	18	24	60.06210431	0.887499999	53.2851924	2.447941278
3	40.65250678	14.41996559	18	24	62.95310663	0.897499998	56.03069364	2.544941992
3	43.2	14.41996559	17.96668397	24	67.16995753	0.9075	60.2337028	2.554169817
3	43.2	14.41996559	18	26.60132625	67.73544153	0.917500063	60.74506638	2.590250099
3	43.2	14.41996559	18	29.19384097	68.14268275	0.927500004	61.09965104	2.625354473
3	43.2	14.41996559	18	31.77759133	68.55122679	0.9375	61.46157825	2.656432359
3	43.2	14.41996559	18	34.35503526	68.99915318	0.947499998	61.87042348	2.682486463
4	28.8	11.75754212	12.18647034	24	38.48398082	0.817500779	32.78796276	1.727345379
4	28.8	14.41996559	13.36698985	24	41.7172078	0.8275	35.88903729	1.815447006
4	31.9950981	14.41996559	12.55561502	24	44.03013234	0.837500074	38.09573088	1.886267638
4	34.11053576	14.41996559	12.82390193	24	46.60538006	0.847500002	40.56116057	1.959479657
4	31.95768801	14.41996559	17.32291408	24	50.95429739	0.857500113	44.70449698	2.096533604
4	34.15594817	14.41996559	17.48904723	24	54.13763526	0.867500717	47.74443161	2.192135769
4	36.30057252	14.41996559	17.67892793	24	57.1105312	0.877500367	50.54724125	2.305526633
4	38.58107153	14.41996559	17.72724175	24	59.79522855	0.8875	53.05939991	2.420552425
4	43.2	14.41996559	15.65634949	24	61.94006809	0.897500001	55.24546826	2.393066553
4	43.2	14.41996559	17.96672242	24	67.17005282	0.907500179	60.23378789	2.554176622
4	43.2	14.41996559	18	26.60132841	67.73544189	0.917500072	60.7450667	2.590250128
4	43.2	14.41996559	18	28.93949899	68.10355056	0.926516067	61.06555107	2.621999657
4	43.2	14.41996559	18	31.77759129	68.55122678	0.9375	61.46157825	2.656432359
4	43.2	14.41996559	18	34.3550357	68.99915326	0.9475	61.87042356	2.682486468
5	28.8	10.22017716	12.53632216	24.32803913	37.73384993	0.817499984	32.10162651	1.684815612
5	31.68645365	9.799972722	12.4999905	24	39.70501631	0.827500003	33.96506027	1.756637364
5	33.91579822	9.960424841	12.57771805	24	41.81968424	0.837500191	36.00775368	1.80462037
5	34.8841219	10.46275146	12.64739643	25.21455699	43.32219072	0.847499987	37.45205082	1.843426596
5	33.93813439	11.24468281	12.97009166	28.10053134	43.93784085	0.857494906	38.03560965	1.864820797
5	34.6551148	10.62339633	12.5705024	30.48422237	44.06345784	0.867500061	38.18097765	1.851653459
5	35.51033429	11.82131974	14.52420691	29.54948093	48.03373194	0.877494761	41.85650692	2.048150012
5	38.95889803	14.41996559	17.36507902	24	59.4484612	0.887500007	52.74434509	2.399410735
5	35.90322541	14.41996559	17.32485834	29.86979816	56.75726875	0.896607092	50.2110155	2.294168835
5	35.20610757	14.41996559	17.22877899	33.57704992	56.2213277	0.907500015	49.70980928	2.271012279
5	38.57612411	12.95870752	17.55473165	32.37493262	58.14937715	0.916559178	51.44350522	2.400581287
5	43.2	14.41996559	17.42357827	29.6135908	66.81016479	0.926500092	59.88399256	2.547448152
5	43.2	14.41996559	17.34779575	32.28494112	67.0574189	0.936500039	60.09965655	2.568508233
5	43.2	14.41996559	17.29917574	34.91450209	67.40724637	0.946500205	60.4210913	2.58743671
6	28.8	9.6	12.50171553	24.64388966	37.45156691	0.817499999	31.83507439	1.674328343
6	28.8	9.6	12.51152213	27.14142542	37.86823088	0.827500022	32.25911967	1.669407476
6	28.8	9.6	12.4725582	29.65521386	38.21916283	0.837500337	32.61423129	1.666621023
6	28.8	9.6	12.4012297	32.196314	38.57509741	0.847499993	32.98139279	1.659136418
6	28.8	9.6	12.36613037	34.6930481	38.97789666	0.857500332	33.40161445	1.647521474
6	28.8	10.87778989	12.87447567	36	40.01459611	0.866500007	34.4014354	1.672107139
6	31.90723828	9.626116252	12.47669086	36	41.85814776	0.87650008	36.13319228	1.746636988
6	29.52026762	9.6	17.23016817	36	43.37205295	0.886499981	37.5288553	1.8254651
6	32.12540109	9.6	16.98730698	36	46.0348322	0.896500013	40.05576988	1.916041549
6	34.40436629	9.6	17.05398137	36	48.70161275	0.906499998	42.59704467	1.99971205
6	38.57397616	12.92632522	17.55130428	32.38867454	58.08565335	0.91653729	51.38348202	2.398114215
6	43.2	9.6	13.05887706	36	52.73675035	0.926499998	46.57050619	2.040829437
6	43.2	13.40642608	14.28398786	36	59.61877566	0.9365	52.98366608	2.353406383
6	43.2	14.41996559	16.31105779	36	65.37110288	0.946499992	58.47216132	2.529294376
7	28.8	9.6	12.47955665	24.66671961	37.44798367	0.817500003	31.83155581	1.67428524
7	28.8	9.6	12.4807629	27.17245023	37.86181735	0.827499997	32.25281896	1.669332261
7	28.8	9.6	12.44359749	29.68416188	38.21312124	0.837500056	32.60832323	1.666532006
7	28.8	9.6	12.38001988	32.21748503	38.57127116	0.847500066	32.97762737	1.659095866
7	28.8	9.6	12.34019273	34.71861938	38.97379789	0.857500159	33.39758781	1.647473381
7	28.95109337	10.2746663	12.88839759	36	39.82517495	0.866500115	34.21640974	1.669176807
7	31.86215346	9.6	12.53145255	36	41.83284701	0.876499997	36.10853751	1.746206336
7	29.51970759	9.6	17.23072041	36	43.37205555	0.886499987	37.52885858	1.82546465
7	32.11672295	9.6	16.99591096	36	46.0344245	0.896500084	40.05537571	1.916032528
7	34.43581455	9.6	17.0226264	36	48.69624071	0.906499997	42.59176813	1.999648389
7	43.2	9.6	12.25381158	34.39037611	51.41512421	0.91650003	45.32081394	1.992873511
7	43.2	9.6	13.05887756	36	52.73675099	0.9265	46.57050677	2.040829475
7	43.2	9.6	15.38044524	36	56.05431261	0.936500002	49.64025785	2.206036508
7	43.2	9.6	17.70386414	36	59.92084882	0.946499984	53.33372188	2.321417961
8	28.8	9.6	12.47106572	24.67545415	37.44664146	0.817500002	31.83021995	1.674281004
8	28.8	9.6	12.4723827	27.18088987	37.86011272	0.827499995	32.2511226	1.669326745
8	28.8	9.6	12.42692086	29.70082817	38.20975156	0.837500012	32.60497642	1.666516757
8	28.8	9.6	12.37139898	32.22606006	38.56975012	0.84750002	32.97611124	1.659092588
8	28.8	9.6	12.3357014	34.72300824	38.97310233	0.857499997	33.3968935	1.647472559
8	28.98014277	10.14619218	12.8951089	36	39.789504	0.86649999	34.1810672	1.668957867
8	31.83927204	9.6	12.55498056	36	41.82439801	0.876500156	36.10018074	1.746144845
8	34.2028304	9.6	12.54855546	36	43.96768181	0.8865	38.14729536	1.810257636
8	32.11406336	9.6	16.99853531	36	46.03428612	0.896500056	40.05524073	1.916030257
8	34.44723456	9.6	17.01122767	36	48.69427351	0.906499999	42.58981119	1.999641544
8	36.72045152	9.6	17.05599724	36	51.06299636	0.916499994	44.81212094	2.097250277
8	43.2	9.6	13.05887675	36	52.73674995	0.926499997	46.57050583	2.040829414
8	43.2	9.6	15.38044525	36	56.05431263	0.936500002	49.64025787	2.206036508
8	43.2	9.6	17.7038679	36	59.92085577	0.946500001	53.33372812	2.321418438
9	28.8	12.14834103	12	24	38.67358719	0.817500007	32.95050255	1.745389759
9	30.1329574	14.41996559	12	24	41.54842946	0.827499996	35.69746762	1.830641226
9	28.8	14.41996559	15.72898037	24	44.7157703	0.8375	38.72435354	1.924277839
9	28.86181463	14.41996559	18	24	48.2230544	0.847500006	42.06812745	2.033284634
9	31.23516266	14.41996559	18	24	51.19746731	0.857500004	44.87689311	2.143716131
9	33.61096432	14.41996559	18	24	54.41839217	0.867500036	47.96195284	2.234292882
9	35.95846432	14.41996559	18	24	57.37424636	0.877500419	50.76612407	2.335414864
9	38.28862201	14.41996559	18	24	60.06210408	0.887499998	53.28519218	2.447941268
9	40.65250578	14.41996559	18	24	62.95310526	0.897499994	56.03069232	2.544941962
9	43.2	14.41996559	17.96669085	24	67.16997457	0.907500032	60.23371802	2.554171034
9	43.2	14.41996559	18	26.60130913	67.73543871	0.917499998	60.7450639	2.59024987
9	43.2	14.41996559	18	29.19384254	68.14268299	0.92750001	61.09965125	2.625354494
9	43.2	14.41996559	18	31.77759133	68.55122679	0.9375	61.46157825	2.656432359
9	43.2	14.41996559	18	34.35503517	68.99915316	0.947499998	61.87042347	2.682486462
10	28.8	12.14853015	12	24	38.67372698	0.817500365	32.95063452	1.745394972
10	30.13295893	14.41996559	12	24	41.54843093	0.827500002	35.69746902	1.830641278
10	28.8	14.41996559	15.72897833	24	44.7157675	0.837499991	38.72435078	1.924277812
10	28.8618133	14.41996559	18	24	48.22305296	0.8475	42.06812612	2.033284556
10	31.23516314	14.41996559	18	24	51.19746796	0.857500006	44.87689373	2.14371615
10	33.61095583	14.41996559	18	24	54.41838093	0.8675	47.96194211	2.234292547
10	35.95852166	14.41996559	18	24	57.37431474	0.877500665	50.76618842	2.335417542
10	38.28862043	14.41996559	18	24	60.06210228	0.887499992	53.28519049	2.447941193
10	40.65250731	14.41996559	18	24	62.95310735	0.8975	56.03069434	2.544942008
10	43.2	14.41996559	17.96668376	24	67.16995701	0.907499999	60.23370234	2.55416978
10	43.2	14.41996559	18	26.60133049	67.73544223	0.91750008	60.745067	2.590250156
10	43.2	14.41996559	18	29.19384441	68.14268328	0.927500017	61.0996515	2.625354518
10	43.2	14.41996559	18	31.77759143	68.55122681	0.937500001	61.46157827	2.656432361
10	43.2	14.41996559	18	34.35503558	68.99915324	0.9475	61.87042354	2.682486466
11	28.8	12.14844344	12	24	38.67366289	0.817500201	32.95057402	1.745392582
11	30.13295881	14.41996559	12	24	41.54843081	0.827500002	35.6974689	1.830641273
11	28.8	14.41996559	15.72897904	24	44.71576848	0.837499994	38.72435174	1.924277822
11	28.86181463	14.41996559	18	24	48.2230544	0.847500006	42.06812745	2.033284634
11	31.23516199	14.41996559	18	24	51.1974664	0.857500001	44.87689224	2.143716105
11	33.61096234	14.41996559	18	24	54.41838955	0.867500028	47.96195034	2.234292804
11	35.95839562	14.41996559	18	24	57.37416445	0.877500125	50.76604697	2.335411656
11	38.28862167	14.41996559	18	24	60.06210369	0.887499997	53.28519181	2.447941252
11	40.65250727	14.41996559	18	24	62.95310729	0.8975	56.03069428	2.544942007
11	43.2	14.41996559	17.96668392	24	67.16995739	0.9075	60.23370268	2.554169807
11	43.2	14.41996559	18	26.60130972	67.7354388	0.9175	60.74506399	2.590249878
11	43.2	14.41996559	18	29.19384373	68.14268317	0.927500015	61.09965141	2.625354509
11	43.2	14.41996559	18	31.77759125	68.55122678	0.9375	61.46157824	2.656432359
11	43.2	14.41996559	18	34.35503546	68.99915322	0.947499999	61.87042352	2.682486465
12	28.8	12.14833999	12	24	38.67358642	0.817500005	32.95050183	1.74538973
12	28.8	14.41996559	13.36701885	24	41.71724058	0.827500123	35.88906722	1.815448907
12	28.8	14.41996559	15.72897846	24	44.71576768	0.837499992	38.72435096	1.924277814
12	28.8618133	14.41996559	18	24	48.22305296	0.8475	42.06812612	2.033284556
12	31.23516283	14.41996559	18	24	51.19746754	0.857500005	44.87689333	2.143716138
12	33.61096324	14.41996559	18	24	54.41839075	0.867500032	47.96195149	2.23429284
12	35.95836925	14.41996559	18	24	57.374133	0.877500012	50.76601737	2.335410424
12	38.28862229	14.41996559	18	24	60.0621044	0.8875	53.28519248	2.447941281
12	40.65250557	14.41996559	18	24	62.95310498	0.897499993	56.03069204	2.544941956
12	43.2	14.41996559	17.96668984	24	67.16997206	0.907500027	60.23371578	2.554170855
12	43.2	14.41996559	18	26.60130928	67.73543873	0.917499998	60.74506392	2.590249872
12	43.2	14.41996559	18	29.19384042	68.14268266	0.927500002	61.09965096	2.625354466
12	43.2	14.41996559	18	31.77759132	68.55122679	0.9375	61.46157825	2.656432359
12	43.2	14.41996559	18	34.35503486	68.99915311	0.947499997	61.87042342	2.682486459
13	28.8	12.14845703	12	24	38.67367293	0.817500226	32.9505835	1.745392956
13	28.8	14.41996559	13.36701124	24	41.71723198	0.827500091	35.88905936	1.815448408
13	28.8	14.41996559	15.72898056	24	44.71577056	0.837500001	38.7243538	1.924277841
13	28.86181154	14.41996559	18	24	48.22305105	0.847499993	42.06812437	2.033284453
13	31.23516194	14.41996559	18	24	51.19746633	0.857500001	44.87689218	2.143716103
13	33.61096201	14.41996559	18	24	54.41838911	0.867500026	47.96194993	2.234292791
13	35.95840468	14.41996559	18	24	57.37417525	0.877500163	50.76605713	2.335412079
13	38.28862172	14.41996559	18	24	60.06210374	0.887499997	53.28519186	2.447941254
13	40.6525972	14.41996559	18	24	62.95322992	0.897500373	56.03081286	2.544944703
13	43.2	14.41996559	17.96668313	24	67.16995545	0.907499996	60.23370094	2.554169669
13	43.2	14.41996559	18	26.60131194	67.73543917	0.917500009	60.74506431	2.590249907
13	43.2	14.41996559	18	29.19384321	68.14268309	0.927500013	61.09965134	2.625354502
13	43.2	14.41996559	18	31.77759126	68.55122678	0.9375	61.46157824	2.656432359
13	43.2	14.41996559	18	34.35503558	68.99915324	0.9475	61.87042354	2.682486466
14	28.8	12.14849981	12	24	38.67370455	0.817500307	32.95061335	1.745394135
14	28.8	14.41996559	13.36700371	24	41.71722346	0.827500059	35.88905159	1.815447914
14	28.8	14.41996559	15.72897901	24	44.71576844	0.837499994	38.72435171	1.924277821
14	28.8618133	14.41996559	18	24	48.22305296	0.8475	42.06812612	2.033284556
14	31.23516317	14.41996559	18	24	51.197468	0.857500006	44.87689377	2.143716151
14	33.61096868	14.41996559	18	24	54.41839795	0.867500055	47.96195837	2.234293055
14	35.95836656	14.41996559	18	24	57.37412979	0.8775	50.76601434	2.335410298
14	38.28862172	14.41996559	18	24	60.06210375	0.887499997	53.28519187	2.447941254
14	40.65250729	14.41996559	18	24	62.95310732	0.8975	56.03069431	2.544942008
14	43.2	14.41996559	17.96668384	24	67.1699572	0.907499999	60.23370251	2.554169794
14	43.2	14.41996559	18	26.60132338	67.73544106	0.917500052	60.74506597	2.590250061
14	43.2	14.41996559	18	29.1938437	68.14268317	0.927500015	61.0996514	2.625354509
14	43.2	14.41996559	18	31.77759137	68.5512268	0.9375	61.46157826	2.65643236
14	43.2	14.41996559	18	34.35503563	68.99915325	0.9475	61.87042355	2.682486467
15	28.8	12.1484891	12	24	38.67369664	0.817500287	32.95060588	1.74539384
15	28.8	14.41996559	13.36699053	24	41.71720856	0.827500003	35.88903798	1.815447051
15	28.8	14.41996559	15.72898048	24	44.71577046	0.8375	38.7243537	1.92427784
15	28.86181242	14.41996559	18	24	48.223052	0.847499996	42.06812524	2.033284504
15	31.23516255	14.41996559	18	24	51.19746716	0.857500004	44.87689297	2.143716127
15	33.61096361	14.41996559	18	24	54.41839123	0.867500033	47.96195194	2.234292854
15	35.95851314	14.41996559	18	24	57.37430458	0.877500628	50.76617886	2.335417144
15	38.28862083	14.41996559	18	24	60.06210273	0.887499993	53.28519091	2.447941211
15	40.65250621	14.41996559	18	24	62.95310585	0.897499996	56.03069289	2.544941975
15	43.2	14.41996559	17.96668397	24	67.16995753	0.9075	60.2337028	2.554169817
15	43.2	14.41996559	18	26.60130957	67.73543878	0.917499999	60.74506397	2.590249876
15	43.2	14.41996559	18	29.1938418	68.14268287	0.927500007	61.09965115	2.625354484
15	43.2	14.41996559	18	31.77759125	68.55122678	0.9375	61.46157824	2.656432359
15	43.2	14.41996559	18	34.35503529	68.99915319	0.947499999	61.87042349	2.682486464
16	28.8	11.75014098	12.18978262	24	38.48039138	0.817500328	32.78481621	1.727050113
16	28.8	14.41996559	13.36714792	24	41.71738648	0.827500671	35.88920044	1.815457364
16	31.99256122	14.41996559	12.55818331	24	44.03026528	0.837499995	38.09584742	1.886278578
16	34.11318155	14.41996559	12.82123182	24	46.60462809	0.847500028	40.56050321	1.959416587
16	31.96900916	14.41996559	17.31208641	24	50.95054808	0.85750055	44.7012195	2.096219055
16	34.16703883	14.41996559	17.47821701	24	54.13126669	0.867500011	47.73884279	2.191615929
16	36.30366532	14.41996559	17.67597062	24	57.10807427	0.877500342	50.54509027	2.305322666
16	38.5870646	14.41996559	17.72157306	24	59.78972565	0.887499981	53.05457664	2.420099341
16	43.2	14.41996559	15.65634949	24	61.9400681	0.897500001	55.24546827	2.393066553
16	43.2	14.41996559	17.96668428	24	67.16995829	0.907500001	60.23370348	2.554169872
16	43.2	14.41996559	18	26.60131984	67.73544047	0.917500039	60.74506545	2.590250013
16	43.2	14.41996559	18	28.93534517	68.10291163	0.9265	61.06499484	2.621944528
16	43.2	14.41996559	18	31.77759128	68.55122678	0.9375	61.46157824	2.656432359
16	43.2	14.41996559	18	34.35522205	68.99918733	0.947500726	61.8704549	2.682488289
17	28.8	11.28911714	12.39659238	24	38.26614111	0.817500005	32.59432692	1.711209457
17	31.28899197	10.93700641	12.42948239	24	40.08222798	0.827500139	34.31295566	1.776181547
17	32.00709657	14.41996559	12.54337015	24	44.02940955	0.837500078	38.09507912	1.886220292
17	34.20263439	14.41996559	12.73056065	24	46.57904006	0.847500305	40.53775034	1.957526477
17	36.14762477	14.41996559	13.14209081	24	49.03537732	0.857499999	42.85289894	2.051652249
17	34.27150477	14.41996559	17.3772451	24	54.07345359	0.867499996	47.6872742	2.187452924
17	36.4337904	14.41996559	17.55105213	24	57.00425979	0.877500389	50.45261776	2.297761348
17	38.74977797	14.41996559	17.56689882	24	59.64073157	0.887500697	52.92170951	2.409348042
17	43.2	14.41996559	15.65634923	24	61.94006755	0.8975	55.24546773	2.393066542
17	43.2	14.41996559	17.79471054	24.21312659	66.792489	0.907499998	59.89528401	2.528136665
17	43.2	14.41996559	17.82932515	26.54685033	67.3051044	0.916499988	60.35967539	2.560286005
17	43.2	14.41996559	17.81194378	29.16088167	67.67300467	0.926500199	60.67949532	2.592339566
17	43.2	14.41996559	17.76042708	32.06452621	68.00735428	0.937500698	60.97517473	2.618119701
17	43.2	14.41996559	17.71976046	34.6877394	68.36878222	0.947499994	61.30786769	2.637276354
18	28.8	12.14839653	12	24	38.67362821	0.817500112	32.95054128	1.745391289
18	28.8	14.41996559	13.36706373	24	41.71729131	0.827500314	35.88911354	1.815451847
18	31.93479488	14.41996559	12.61709772	24	44.0340826	0.837500518	38.09905315	1.886686299
18	33.36625911	14.41996559	13.56472914	24	46.81692984	0.847500244	40.73107169	1.987238763
18	31.69723965	14.41996559	17.57196902	24	51.04362478	0.857500643	44.77793274	2.107128026
18	33.86111091	14.41996559	17.76886828	24	54.29372723	0.867500409	47.87300106	2.210484113
18	35.9583666	14.41996559	18	24	57.37412985	0.8775	50.76601439	2.3354103
18	38.28862215	14.41996559	18	24	60.06210424	0.887499999	53.28519233	2.447941275
18	40.83784781	14.41996559	17.83397993	24	62.8202906	0.897500247	55.93076388	2.523017816
18	43.2	14.41996559	17.96668365	24	67.16995673	0.907499998	60.23370209	2.55416976
18	43.2	14.41996559	18	26.60135181	67.73544576	0.917500161	60.74507009	2.590250441
18	43.2	14.41996559	18	29.19383987	68.14268258	0.9275	61.09965089	2.625354459
18	43.2	14.41996559	18	31.77759335	68.55122712	0.937500008	61.46157855	2.656432381
18	43.2	14.41996559	18	34.35503567	68.99915325	0.9475	61.87042355	2.682486467
19	28.8	11.30591336	12.38926085	24	38.27373274	0.817500001	32.60118517	1.711698381
19	28.8	14.41996559	12.89239154	24.54177011	41.27754226	0.82750033	35.49670832	1.783889295
19	32.00191719	14.41996559	12.54874891	24	44.02982241	0.837500452	38.09545928	1.88624209
19	34.20468825	14.41996559	12.72839701	24	46.57835613	0.847499997	40.53712805	1.957485387
19	36.12611199	14.41996559	13.16380609	24	49.04745534	0.857500326	42.86381936	2.052423988
19	34.27045894	14.41996559	17.37827722	24	54.07407053	0.867500071	47.68783444	2.187490727
19	36.42765352	14.41996559	17.55708568	24	57.00941998	0.877500879	50.4572896	2.298086916
19	38.74680456	14.41996559	17.56958578	24	59.64311948	0.887499985	52.92386593	2.409502366
19	43.2	14.41996559	15.65634941	24	61.94006793	0.897500001	55.2454681	2.39306655
19	43.2	14.41996559	17.80475744	24.20080352	66.81439412	0.907499997	59.91510906	2.529523372
19	43.2	14.41996559	17.84208735	26.53155152	67.33381097	0.916499993	60.38566101	2.562099974
19	43.2	14.41996559	17.82289559	29.14787878	67.69781077	0.926500214	60.70195126	2.593906339
19	43.2	14.41996559	17.78080381	32.04028555	68.05305314	0.937500194	61.0165176	2.621023693
19	43.2	14.41996559	17.73105544	34.67452745	68.39383363	0.947500001	61.3305412	2.638861624
